time/s      E/V        I/A
0.00000E+00 -8.00000E-01 -5.38070E-05 -7.13629E-01
9.99997E-02 -7.95000E-01 -5.18958E-05 -7.08634E-01
1.99999E-01 -7.90000E-01 -5.03075E-05 -7.03614E-01
2.99999E-01 -7.85000E-01 -4.88827E-05 -6.98655E-01
3.99999E-01 -7.80000E-01 -4.75672E-05 -6.93608E-01
4.99999E-01 -7.75000E-01 -4.63449E-05 -6.88602E-01
5.99998E-01 -7.70000E-01 -4.51933E-05 -6.83601E-01
6.99998E-01 -7.65000E-01 -4.40999E-05 -6.78627E-01
7.99998E-01 -7.60000E-01 -4.30665E-05 -6.73589E-01
8.99998E-01 -7.55000E-01 -4.20700E-05 -6.68579E-01
9.99997E-01 -7.50000E-01 -4.11240E-05 -6.63602E-01
1.10000E+00 -7.45000E-01 -4.02235E-05 -6.58601E-01
1.20000E+00 -7.40000E-01 -3.93465E-05 -6.53600E-01
1.30000E+00 -7.35000E-01 -3.85017E-05 -6.48560E-01
1.40000E+00 -7.30000E-01 -3.79587E-05 -6.43568E-01
1.50000E+00 -7.25000E-01 -3.71669E-05 -6.38559E-01
1.60000E+00 -7.20000E-01 -3.64035E-05 -6.33568E-01
1.70000E+00 -7.15000E-01 -3.56647E-05 -6.28561E-01
1.80000E+00 -7.10000E-01 -3.49440E-05 -6.23548E-01
1.90000E+00 -7.05000E-01 -3.42454E-05 -6.18548E-01
1.99999E+00 -7.00000E-01 -3.35650E-05 -6.13552E-01
2.09999E+00 -6.95000E-01 -3.29024E-05 -6.08543E-01
2.19999E+00 -6.90000E-01 -3.22553E-05 -6.03546E-01
2.29999E+00 -6.85000E-01 -3.16233E-05 -5.98531E-01
2.39999E+00 -6.80000E-01 -3.10131E-05 -5.93538E-01
2.49999E+00 -6.75000E-01 -3.04111E-05 -5.88533E-01
2.59999E+00 -6.70000E-01 -2.98203E-05 -5.83516E-01
2.69999E+00 -6.65000E-01 -2.92463E-05 -5.78536E-01
2.79999E+00 -6.60000E-01 -2.86816E-05 -5.73532E-01
2.89999E+00 -6.55000E-01 -2.81298E-05 -5.68526E-01
2.99999E+00 -6.50000E-01 -2.75951E-05 -5.63511E-01
3.09999E+00 -6.45000E-01 -2.70550E-05 -5.58498E-01
3.19999E+00 -6.40000E-01 -2.65343E-05 -5.53524E-01
3.29999E+00 -6.35000E-01 -2.60203E-05 -5.48525E-01
3.39999E+00 -6.30000E-01 -2.55147E-05 -5.43525E-01
3.49999E+00 -6.25000E-01 -2.50201E-05 -5.38508E-01
3.59999E+00 -6.20000E-01 -2.45325E-05 -5.33522E-01
3.69999E+00 -6.15000E-01 -2.40527E-05 -5.28507E-01
3.79999E+00 -6.10000E-01 -2.35804E-05 -5.23494E-01
3.89999E+00 -6.05000E-01 -2.31207E-05 -5.18515E-01
3.99999E+00 -6.00001E-01 -2.26593E-05 -5.13505E-01
4.09999E+00 -5.95001E-01 -2.22127E-05 -5.08500E-01
4.19999E+00 -5.90001E-01 -2.17698E-05 -5.03481E-01
4.29999E+00 -5.85001E-01 -2.13331E-05 -4.98478E-01
4.39999E+00 -5.80001E-01 -2.09016E-05 -4.93463E-01
4.49999E+00 -5.75001E-01 -2.04812E-05 -4.88454E-01
4.59999E+00 -5.70001E-01 -2.00680E-05 -4.83460E-01
4.69999E+00 -5.65001E-01 -1.96549E-05 -4.78470E-01
4.79999E+00 -5.60001E-01 -1.92575E-05 -4.73432E-01
4.89999E+00 -5.55001E-01 -1.88618E-05 -4.68437E-01
4.99999E+00 -5.50001E-01 -1.84752E-05 -4.63434E-01
5.09999E+00 -5.45001E-01 -1.81000E-05 -4.58436E-01
5.19999E+00 -5.40001E-01 -1.77253E-05 -4.53403E-01
5.29999E+00 -5.35001E-01 -1.73564E-05 -4.48443E-01
5.39999E+00 -5.30001E-01 -1.69944E-05 -4.43419E-01
5.49999E+00 -5.25001E-01 -1.66393E-05 -4.38458E-01
5.59999E+00 -5.20001E-01 -1.62897E-05 -4.33432E-01
5.69999E+00 -5.15001E-01 -1.59512E-05 -4.28414E-01
5.79999E+00 -5.10001E-01 -1.56147E-05 -4.23439E-01
5.89999E+00 -5.05001E-01 -1.52847E-05 -4.18426E-01
5.99998E+00 -5.00001E-01 -1.49610E-05 -4.13436E-01
6.09998E+00 -4.95001E-01 -1.46442E-05 -4.08417E-01
6.19998E+00 -4.90001E-01 -1.43301E-05 -4.03425E-01
6.29998E+00 -4.85001E-01 -1.40218E-05 -3.98421E-01
6.39998E+00 -4.80001E-01 -1.37184E-05 -3.93398E-01
6.49998E+00 -4.75001E-01 -1.34186E-05 -3.88413E-01
6.59998E+00 -4.70001E-01 -1.31237E-05 -3.83394E-01
6.69998E+00 -4.65001E-01 -1.28301E-05 -3.78392E-01
6.79998E+00 -4.60001E-01 -1.25421E-05 -3.73396E-01
6.89998E+00 -4.55001E-01 -1.22562E-05 -3.68378E-01
6.99998E+00 -4.50001E-01 -1.19739E-05 -3.63370E-01
7.09998E+00 -4.45001E-01 -1.16964E-05 -3.58389E-01
7.19998E+00 -4.40001E-01 -1.14198E-05 -3.53389E-01
7.29998E+00 -4.35001E-01 -1.11449E-05 -3.48368E-01
7.39998E+00 -4.30001E-01 -1.08762E-05 -3.43356E-01
7.49998E+00 -4.25001E-01 -1.06060E-05 -3.38377E-01
7.59998E+00 -4.20001E-01 -1.03421E-05 -3.33352E-01
7.69998E+00 -4.15001E-01 -1.00800E-05 -3.28369E-01
7.79998E+00 -4.10001E-01 -9.81945E-06 -3.23348E-01
7.89998E+00 -4.05001E-01 -9.56069E-06 -3.18316E-01
7.99998E+00 -4.00001E-01 -9.30550E-06 -3.13336E-01
8.09998E+00 -3.95001E-01 -9.05306E-06 -3.08342E-01
8.19998E+00 -3.90001E-01 -8.80082E-06 -3.03346E-01
8.29998E+00 -3.85001E-01 -8.55278E-06 -2.98323E-01
8.39998E+00 -3.80001E-01 -8.30569E-06 -2.93322E-01
8.49998E+00 -3.75001E-01 -8.06253E-06 -2.88320E-01
8.59998E+00 -3.70001E-01 -7.81884E-06 -2.83332E-01
8.69998E+00 -3.65001E-01 -7.57765E-06 -2.78330E-01
8.79998E+00 -3.60001E-01 -7.33833E-06 -2.73319E-01
8.89998E+00 -3.55001E-01 -7.10304E-06 -2.68313E-01
8.99998E+00 -3.50001E-01 -6.86822E-06 -2.63323E-01
9.09998E+00 -3.45001E-01 -6.63332E-06 -2.58303E-01
9.19998E+00 -3.40001E-01 -6.39761E-06 -2.53286E-01
9.29998E+00 -3.35001E-01 -6.16774E-06 -2.48314E-01
9.39998E+00 -3.30001E-01 -5.93492E-06 -2.43305E-01
9.49998E+00 -3.25001E-01 -5.70702E-06 -2.38298E-01
9.59998E+00 -3.20001E-01 -5.47681E-06 -2.33291E-01
9.69998E+00 -3.15001E-01 -5.24536E-06 -2.28299E-01
9.79998E+00 -3.10001E-01 -5.01267E-06 -2.23310E-01
9.89998E+00 -3.05001E-01 -4.77777E-06 -2.18278E-01
9.99997E+00 -3.00001E-01 -4.54331E-06 -2.13287E-01
1.01000E+01 -2.95001E-01 -4.31394E-06 -2.08295E-01
1.02000E+01 -2.90001E-01 -4.08349E-06 -2.03324E-01
1.03000E+01 -2.85001E-01 -3.85072E-06 -1.98315E-01
1.04000E+01 -2.80001E-01 -3.61913E-06 -1.93284E-01
1.05000E+01 -2.75001E-01 -3.38236E-06 -1.88275E-01
1.06000E+01 -2.70001E-01 -3.17481E-06 -1.83278E-01
1.07000E+01 -2.65001E-01 -2.93596E-06 -1.78287E-01
1.08000E+01 -2.60001E-01 -2.69799E-06 -1.73283E-01
1.09000E+01 -2.55001E-01 -2.45688E-06 -1.68274E-01
1.10000E+01 -2.50001E-01 -2.21172E-06 -1.63294E-01
1.11000E+01 -2.45001E-01 -1.96640E-06 -1.58257E-01
1.12000E+01 -2.40001E-01 -1.72080E-06 -1.53251E-01
1.13000E+01 -2.35001E-01 -1.47236E-06 -1.48256E-01
1.14000E+01 -2.30001E-01 -1.22091E-06 -1.43247E-01
1.15000E+01 -2.25001E-01 -9.68357E-07 -1.38233E-01
1.16000E+01 -2.20001E-01 -7.16282E-07 -1.33229E-01
1.17000E+01 -2.15001E-01 -4.60189E-07 -1.28235E-01
1.18000E+01 -2.10001E-01 -2.04382E-07 -1.23260E-01
1.19000E+01 -2.05001E-01 5.29375E-08  -1.18256E-01
1.20000E+01 -2.00002E-01 3.08523E-07  -1.13240E-01
1.21000E+01 -1.95002E-01 5.66492E-07  -1.08239E-01
1.22000E+01 -1.90002E-01 8.27541E-07  -1.03234E-01
1.23000E+01 -1.85002E-01 1.08536E-06  -9.82539E-02
1.24000E+01 -1.80002E-01 1.35142E-06  -9.32473E-02
1.25000E+01 -1.75002E-01 1.61418E-06  -8.82146E-02
1.26000E+01 -1.70002E-01 1.88765E-06  -8.32467E-02
1.27000E+01 -1.65002E-01 2.15745E-06  -7.82190E-02
1.28000E+01 -1.60002E-01 2.42975E-06  -7.32118E-02
1.29000E+01 -1.55002E-01 2.70603E-06  -6.82090E-02
1.30000E+01 -1.50002E-01 2.98844E-06  -6.32243E-02
1.31000E+01 -1.45002E-01 3.27313E-06  -5.82291E-02
1.32000E+01 -1.40002E-01 3.57094E-06  -5.32113E-02
1.33000E+01 -1.35002E-01 3.86927E-06  -4.82166E-02
1.34000E+01 -1.30002E-01 4.17915E-06  -4.32094E-02
1.35000E+01 -1.25002E-01 4.50405E-06  -3.82197E-02
1.36000E+01 -1.20002E-01 4.84000E-06  -3.32089E-02
1.37000E+01 -1.15002E-01 5.19074E-06  -2.81942E-02
1.38000E+01 -1.10002E-01 5.56235E-06  -2.31739E-02
1.39000E+01 -1.05002E-01 5.95180E-06  -1.81999E-02
1.40000E+01 -1.00002E-01 6.36392E-06  -1.31883E-02
1.41000E+01 -9.50018E-02 6.80417E-06  -8.16427E-03
1.42000E+01 -9.00018E-02 7.27082E-06  -3.14961E-03
1.43000E+01 -8.50018E-02 7.76639E-06  1.84632E-03 
1.44000E+01 -8.00018E-02 8.29614E-06  6.84223E-03 
1.45000E+01 -7.50018E-02 8.86456E-06  1.18625E-02 
1.46000E+01 -7.00018E-02 9.46881E-06  1.68741E-02 
1.47000E+01 -6.50018E-02 1.01169E-05  2.18594E-02 
1.48000E+01 -6.00019E-02 1.08153E-05  2.68753E-02 
1.49000E+01 -5.50019E-02 1.15583E-05  3.18568E-02 
1.50000E+01 -5.00019E-02 1.23586E-05  3.68946E-02 
1.51000E+01 -4.50019E-02 1.32113E-05  4.18600E-02 
1.52000E+01 -4.00019E-02 1.41263E-05  4.68858E-02 
1.53000E+01 -3.50019E-02 1.50982E-05  5.18786E-02 
1.54000E+01 -3.00019E-02 1.61409E-05  5.68920E-02 
1.55000E+01 -2.50019E-02 1.72571E-05  6.19160E-02 
1.56000E+01 -2.00020E-02 1.84488E-05  6.68707E-02 
1.57000E+01 -1.50020E-02 1.97154E-05  7.18829E-02 
1.58000E+01 -1.00020E-02 2.10646E-05  7.68932E-02 
1.59000E+01 -5.00199E-03 2.25199E-05  8.19060E-02 
1.60000E+01 -2.00000E-06 2.40201E-05  8.68932E-02 
1.61000E+01 4.99799E-03  2.56015E-05  9.18947E-02 
1.62000E+01 9.99797E-03  2.72579E-05  9.68832E-02 
1.63000E+01 1.49980E-02  2.89878E-05  1.01908E-01 
1.64000E+01 1.99979E-02  3.07798E-05  1.06877E-01 
1.65000E+01 2.49979E-02  3.26441E-05  1.11876E-01 
1.66000E+01 2.99979E-02  3.45675E-05  1.16905E-01 
1.67000E+01 3.49979E-02  3.65449E-05  1.21939E-01 
1.68000E+01 3.99979E-02  3.85748E-05  1.26901E-01 
1.69000E+01 4.49979E-02  4.06455E-05  1.31881E-01 
1.70000E+01 4.99979E-02  4.27561E-05  1.36906E-01 
1.71000E+01 5.49979E-02  4.48895E-05  1.41896E-01 
1.72000E+01 5.99978E-02  4.70407E-05  1.46914E-01 
1.73000E+01 6.49978E-02  4.92079E-05  1.51911E-01 
1.74000E+01 6.99978E-02  5.13738E-05  1.56936E-01 
1.75000E+01 7.49978E-02  5.35268E-05  1.61929E-01 
1.76000E+01 7.99978E-02  5.56521E-05  1.66918E-01 
1.77000E+01 8.49978E-02  5.77556E-05  1.71929E-01 
1.78000E+01 8.99978E-02  5.98156E-05  1.76959E-01 
1.79000E+01 9.49978E-02  6.18161E-05  1.81934E-01 
1.80000E+01 9.99977E-02  6.37522E-05  1.86958E-01 
1.81000E+01 1.04998E-01  6.56128E-05  1.91941E-01 
1.82000E+01 1.09998E-01  6.73930E-05  1.96960E-01 
1.83000E+01 1.14998E-01  6.90940E-05  2.01959E-01 
1.84000E+01 1.19998E-01  7.07074E-05  2.06948E-01 
1.85000E+01 1.24998E-01  7.22503E-05  2.11952E-01 
1.86000E+01 1.29998E-01  7.37251E-05  2.16973E-01 
1.87000E+01 1.34998E-01  7.51315E-05  2.21970E-01 
1.88000E+01 1.39998E-01  7.64920E-05  2.26969E-01 
1.89000E+01 1.44998E-01  7.77931E-05  2.31962E-01 
1.90000E+01 1.49998E-01  7.90324E-05  2.36978E-01 
1.91000E+01 1.54998E-01  8.02013E-05  2.42007E-01 
1.92000E+01 1.59998E-01  8.12817E-05  2.46994E-01 
1.93000E+01 1.64998E-01  8.22612E-05  2.51982E-01 
1.94000E+01 1.69998E-01  8.31196E-05  2.57011E-01 
1.95000E+01 1.74998E-01  8.38495E-05  2.61999E-01 
1.96000E+01 1.79998E-01  8.44501E-05  2.67022E-01 
1.97000E+01 1.84998E-01  8.49505E-05  2.72012E-01 
1.98000E+01 1.89998E-01  8.54118E-05  2.77006E-01 
1.99000E+01 1.94998E-01  8.59463E-05  2.82022E-01 
1.99999E+01 1.99997E-01  8.67403E-05  2.87032E-01 
2.00999E+01 2.04997E-01  8.80149E-05  2.92005E-01 
2.01999E+01 2.09997E-01  8.99513E-05  2.97027E-01 
2.02999E+01 2.14997E-01  9.25858E-05  3.02046E-01 
2.03999E+01 2.19997E-01  9.58492E-05  3.07042E-01 
2.04999E+01 2.24997E-01  9.96019E-05  3.12048E-01 
2.05999E+01 2.29997E-01  1.03638E-04  3.17052E-01 
2.06999E+01 2.34997E-01  1.07791E-04  3.22037E-01 
2.07999E+01 2.39997E-01  1.11910E-04  3.27056E-01 
2.08999E+01 2.44997E-01  1.15868E-04  3.32057E-01 
2.09999E+01 2.49997E-01  1.19535E-04  3.37028E-01 
2.10999E+01 2.54997E-01  1.22792E-04  3.42050E-01 
2.11999E+01 2.59997E-01  1.25515E-04  3.47070E-01 
2.12999E+01 2.64997E-01  1.27545E-04  3.52068E-01 
2.13999E+01 2.69997E-01  1.28737E-04  3.57081E-01 
2.14999E+01 2.74997E-01  1.28929E-04  3.62052E-01 
2.15999E+01 2.79997E-01  1.27944E-04  3.67048E-01 
2.16999E+01 2.84997E-01  1.25708E-04  3.72082E-01 
2.17999E+01 2.89997E-01  1.22126E-04  3.77085E-01 
2.18999E+01 2.94997E-01  1.17362E-04  3.82081E-01 
2.19999E+01 2.99997E-01  1.11399E-04  3.87070E-01 
2.20999E+01 3.04997E-01  1.04639E-04  3.92070E-01 
2.21999E+01 3.09997E-01  9.72807E-05  3.97111E-01 
2.22999E+01 3.14997E-01  9.02197E-05  4.02091E-01 
2.23999E+01 3.19997E-01  8.46413E-05  4.07095E-01 
2.24999E+01 3.24997E-01  8.10812E-05  4.12098E-01 
2.25999E+01 3.29997E-01  7.90124E-05  4.17109E-01 
2.26999E+01 3.34997E-01  7.77740E-05  4.22103E-01 
2.27999E+01 3.39997E-01  7.69628E-05  4.27096E-01 
2.28999E+01 3.44997E-01  7.63504E-05  4.32123E-01 
2.29999E+01 3.49997E-01  7.58276E-05  4.37112E-01 
2.30999E+01 3.54997E-01  7.54055E-05  4.42100E-01 
2.31999E+01 3.59997E-01  7.50596E-05  4.47108E-01 
2.32999E+01 3.64997E-01  7.47017E-05  4.52130E-01 
2.33999E+01 3.69997E-01  7.44025E-05  4.57145E-01 
2.34999E+01 3.74997E-01  7.41179E-05  4.62138E-01 
2.35999E+01 3.79997E-01  7.38694E-05  4.67145E-01 
2.36999E+01 3.84997E-01  7.36399E-05  4.72149E-01 
2.37999E+01 3.89997E-01  7.34291E-05  4.77157E-01 
2.38999E+01 3.94997E-01  7.32449E-05  4.82146E-01 
2.39999E+01 3.99997E-01  7.30789E-05  4.87177E-01 
2.40999E+01 4.04997E-01  7.29318E-05  4.92176E-01 
2.41999E+01 4.09997E-01  7.28009E-05  4.97162E-01 
2.42999E+01 4.14997E-01  7.26907E-05  5.02173E-01 
2.43999E+01 4.19997E-01  7.25980E-05  5.07177E-01 
2.44999E+01 4.24997E-01  7.25094E-05  5.12193E-01 
2.45999E+01 4.29997E-01  7.24458E-05  5.17171E-01 
2.46999E+01 4.34997E-01  7.23715E-05  5.22165E-01 
2.47999E+01 4.39997E-01  7.22987E-05  5.27173E-01 
2.48999E+01 4.44997E-01  7.22326E-05  5.32181E-01 
2.49999E+01 4.49997E-01  7.21582E-05  5.37180E-01 
2.50999E+01 4.54997E-01  7.20819E-05  5.42187E-01 
2.51999E+01 4.59997E-01  7.19916E-05  5.47194E-01 
2.52999E+01 4.64997E-01  7.18949E-05  5.52209E-01 
2.53999E+01 4.69997E-01  7.17831E-05  5.57195E-01 
2.54999E+01 4.74997E-01  7.16536E-05  5.62193E-01 
2.55999E+01 4.79997E-01  7.15142E-05  5.67191E-01 
2.56999E+01 4.84997E-01  7.13581E-05  5.72192E-01 
2.57999E+01 4.89997E-01  7.11824E-05  5.77205E-01 
2.58999E+01 4.94997E-01  7.09854E-05  5.82211E-01 
2.59999E+01 4.99997E-01  7.07736E-05  5.87220E-01 
2.60999E+01 5.04997E-01  7.05308E-05  5.92213E-01 
2.61999E+01 5.09997E-01  7.02690E-05  5.97206E-01 
2.62999E+01 5.14997E-01  6.99707E-05  6.02202E-01 
2.63999E+01 5.19997E-01  6.96436E-05  6.07228E-01 
2.64999E+01 5.24997E-01  6.92806E-05  6.12224E-01 
2.65999E+01 5.29997E-01  6.88809E-05  6.17240E-01 
2.66999E+01 5.34997E-01  6.84393E-05  6.22216E-01 
2.67999E+01 5.39997E-01  6.79649E-05  6.27244E-01 
2.68999E+01 5.44997E-01  6.74489E-05  6.32259E-01 
2.69999E+01 5.49997E-01  6.68996E-05  6.37282E-01 
2.70999E+01 5.54997E-01  6.63135E-05  6.42264E-01 
2.71999E+01 5.59997E-01  6.57056E-05  6.47233E-01 
2.72999E+01 5.64997E-01  6.50783E-05  6.52270E-01 
2.73999E+01 5.69997E-01  6.44440E-05  6.57292E-01 
2.74999E+01 5.74997E-01  6.38001E-05  6.62301E-01 
2.75999E+01 5.79997E-01  6.31610E-05  6.67263E-01 
2.76999E+01 5.84997E-01  6.25385E-05  6.72246E-01 
2.77999E+01 5.89997E-01  6.19432E-05  6.77276E-01 
2.78999E+01 5.94997E-01  6.13813E-05  6.82289E-01 
2.79999E+01 5.99996E-01  6.08541E-05  6.87283E-01 
2.80999E+01 6.04996E-01  6.03712E-05  6.92275E-01 
2.81999E+01 6.09996E-01  5.99265E-05  6.97281E-01 
2.82999E+01 6.14996E-01  5.95339E-05  7.02283E-01 
2.83999E+01 6.19996E-01  5.91814E-05  7.07302E-01 
2.84999E+01 6.24996E-01  5.88730E-05  7.12293E-01 
2.85999E+01 6.29996E-01  5.86023E-05  7.17293E-01 
2.86999E+01 6.34996E-01  5.83783E-05  7.22295E-01 
2.87999E+01 6.39996E-01  5.81824E-05  7.27297E-01 
2.88999E+01 6.44996E-01  5.80205E-05  7.32302E-01 
2.89999E+01 6.49996E-01  5.78883E-05  7.37298E-01 
2.90999E+01 6.54996E-01  5.77859E-05  7.42320E-01 
2.91999E+01 6.59996E-01  5.77049E-05  7.47319E-01 
2.92999E+01 6.64996E-01  5.76475E-05  7.52297E-01 
2.93999E+01 6.69996E-01  5.76110E-05  7.57323E-01 
2.94999E+01 6.74996E-01  5.75931E-05  7.62331E-01 
2.95999E+01 6.79996E-01  5.76034E-05  7.67337E-01 
2.96999E+01 6.84996E-01  5.76091E-05  7.72317E-01 
2.97999E+01 6.89996E-01  5.76459E-05  7.77344E-01 
2.98999E+01 6.94996E-01  5.76981E-05  7.82355E-01 
2.99999E+01 6.99996E-01  5.77653E-05  7.87395E-01 
3.00999E+01 7.04996E-01  5.78477E-05  7.92363E-01 
3.01999E+01 7.09996E-01  5.79423E-05  7.97375E-01 
3.02999E+01 7.14996E-01  5.80515E-05  8.02370E-01 
3.03999E+01 7.19996E-01  5.81741E-05  8.07378E-01 
3.04999E+01 7.24996E-01  5.83189E-05  8.12395E-01 
3.05999E+01 7.29996E-01  5.84682E-05  8.17391E-01 
3.06999E+01 7.34996E-01  5.86355E-05  8.22379E-01 
3.07999E+01 7.39996E-01  5.88133E-05  8.27403E-01 
3.08999E+01 7.44996E-01  5.90069E-05  8.32399E-01 
3.09999E+01 7.49996E-01  5.92101E-05  8.37386E-01 
3.10999E+01 7.54996E-01  5.94298E-05  8.42373E-01 
3.11999E+01 7.59996E-01  5.96586E-05  8.47376E-01 
3.12999E+01 7.64996E-01  5.99075E-05  8.52377E-01 
3.13999E+01 7.69996E-01  6.01636E-05  8.57402E-01 
3.14999E+01 7.74996E-01  6.04364E-05  8.62409E-01 
3.15999E+01 7.79996E-01  6.06904E-05  8.67406E-01 
3.16999E+01 7.84996E-01  6.09664E-05  8.72402E-01 
3.17999E+01 7.89996E-01  6.12524E-05  8.77438E-01 
3.18999E+01 7.94996E-01  6.15469E-05  8.82413E-01 
3.19999E+01 7.99996E-01  6.18461E-05  8.87406E-01 
3.20999E+01 8.04996E-01  6.21546E-05  8.92433E-01 
3.21999E+01 8.09996E-01  6.24680E-05  8.97449E-01 
3.22999E+01 8.14996E-01  6.27867E-05  9.02427E-01 
3.23999E+01 8.19996E-01  6.31052E-05  9.07426E-01 
3.24999E+01 8.24996E-01  6.34232E-05  9.12430E-01 
3.25999E+01 8.29996E-01  6.37608E-05  9.17462E-01 
3.26999E+01 8.34996E-01  6.40965E-05  9.22464E-01 
3.27999E+01 8.39996E-01  6.44359E-05  9.27456E-01 
3.28999E+01 8.44996E-01  6.47830E-05  9.32441E-01 
3.29999E+01 8.49996E-01  6.51289E-05  9.37464E-01 
3.30999E+01 8.54996E-01  6.54823E-05  9.42442E-01 
3.31999E+01 8.59996E-01  6.58388E-05  9.47466E-01 
3.32999E+01 8.64996E-01  6.62012E-05  9.52454E-01 
3.33999E+01 8.69996E-01  6.65654E-05  9.57470E-01 
3.34999E+01 8.74996E-01  6.69289E-05  9.62469E-01 
3.35999E+01 8.79996E-01  6.73056E-05  9.67499E-01 
3.36999E+01 8.84996E-01  6.76865E-05  9.72486E-01 
3.37999E+01 8.89996E-01  6.80660E-05  9.77480E-01 
3.38999E+01 8.94996E-01  6.84361E-05  9.82485E-01 
3.39999E+01 8.99996E-01  6.88099E-05  9.87500E-01 
3.40999E+01 9.04996E-01  6.91921E-05  9.92507E-01 
3.41999E+01 9.09996E-01  6.95789E-05  9.97500E-01 
3.42999E+01 9.14996E-01  6.99540E-05  1.00248E+00 
3.43999E+01 9.19996E-01  7.03422E-05  1.00751E+00 
3.44999E+01 9.24996E-01  7.07252E-05  1.01250E+00 
3.45999E+01 9.29996E-01  7.11047E-05  1.01751E+00 
3.46999E+01 9.34996E-01  7.14821E-05  1.02249E+00 
3.47999E+01 9.39996E-01  7.18477E-05  1.02752E+00 
3.48999E+01 9.44996E-01  7.22191E-05  1.03253E+00 
3.49999E+01 9.49996E-01  7.25842E-05  1.03752E+00 
3.50999E+01 9.54996E-01  7.29386E-05  1.04249E+00 
3.51999E+01 9.59996E-01  7.32995E-05  1.04753E+00 
3.52999E+01 9.64996E-01  7.36475E-05  1.05254E+00 
3.53999E+01 9.69996E-01  7.39923E-05  1.05751E+00 
3.54999E+01 9.74996E-01  7.43261E-05  1.06250E+00 
3.55999E+01 9.79996E-01  7.46570E-05  1.06750E+00 
3.56999E+01 9.84996E-01  7.49780E-05  1.07252E+00 
3.57999E+01 9.89996E-01  7.52949E-05  1.07752E+00 
3.58999E+01 9.94996E-01  7.56026E-05  1.08253E+00 
3.59999E+01 9.99995E-01  7.58978E-05  1.08753E+00 
3.60999E+01 1.00500E+00  7.62023E-05  1.09255E+00 
3.61999E+01 1.01000E+00  7.64659E-05  1.09757E+00 
3.62999E+01 1.01500E+00  7.67350E-05  1.10256E+00 
3.63999E+01 1.02000E+00  7.69964E-05  1.10758E+00 
3.64999E+01 1.02500E+00  7.72396E-05  1.11257E+00 
3.65999E+01 1.03000E+00  7.74822E-05  1.11758E+00 
3.66999E+01 1.03500E+00  7.77198E-05  1.12259E+00 
3.67999E+01 1.04000E+00  7.79405E-05  1.12760E+00 
3.68999E+01 1.04500E+00  7.81527E-05  1.13258E+00 
3.69999E+01 1.05000E+00  7.83518E-05  1.13759E+00 
3.70999E+01 1.05500E+00  7.85382E-05  1.14260E+00 
3.71999E+01 1.06000E+00  7.87164E-05  1.14761E+00 
3.72999E+01 1.06500E+00  7.88862E-05  1.15262E+00 
3.73999E+01 1.07000E+00  7.90500E-05  1.15761E+00 
3.74999E+01 1.07500E+00  7.91960E-05  1.16262E+00 
3.75999E+01 1.08000E+00  7.93305E-05  1.16762E+00 
3.76999E+01 1.08500E+00  7.94633E-05  1.17264E+00 
3.77999E+01 1.09000E+00  7.95970E-05  1.17762E+00 
3.78999E+01 1.09500E+00  7.97118E-05  1.18261E+00 
3.79999E+01 1.10000E+00  7.98258E-05  1.18765E+00 
3.80999E+01 1.10500E+00  7.99330E-05  1.19262E+00 
3.81999E+01 1.11000E+00  8.00472E-05  1.19762E+00 
3.82999E+01 1.11500E+00  8.01466E-05  1.20262E+00 
3.83999E+01 1.12000E+00  8.02545E-05  1.20764E+00 
3.84999E+01 1.12500E+00  8.03698E-05  1.21262E+00 
3.85999E+01 1.13000E+00  8.05313E-05  1.21764E+00 
3.86999E+01 1.13500E+00  8.06316E-05  1.22263E+00 
3.87999E+01 1.14000E+00  8.07739E-05  1.22765E+00 
3.88999E+01 1.14500E+00  8.09392E-05  1.23266E+00 
3.89999E+01 1.15000E+00  8.11148E-05  1.23766E+00 
3.90999E+01 1.15500E+00  8.12968E-05  1.24266E+00 
3.91999E+01 1.16000E+00  8.14916E-05  1.24765E+00 
3.92999E+01 1.16500E+00  8.17006E-05  1.25268E+00 
3.93999E+01 1.17000E+00  8.19369E-05  1.25766E+00 
3.94999E+01 1.17500E+00  8.21809E-05  1.26265E+00 
3.95999E+01 1.18000E+00  8.24530E-05  1.26765E+00 
3.96999E+01 1.18500E+00  8.27435E-05  1.27268E+00 
3.97999E+01 1.19000E+00  8.30655E-05  1.27769E+00 
3.98999E+01 1.19500E+00  8.33909E-05  1.28265E+00 
3.99999E+01 1.19999E+00  8.37617E-05  1.28767E+00 
4.00999E+01 1.20499E+00  8.41599E-05  1.29268E+00 
4.01999E+01 1.20999E+00  8.45876E-05  1.29769E+00 
4.02999E+01 1.21499E+00  8.50340E-05  1.30269E+00 
4.03999E+01 1.21999E+00  8.55009E-05  1.30769E+00 
4.04999E+01 1.22499E+00  8.60049E-05  1.31272E+00 
4.05999E+01 1.22999E+00  8.65334E-05  1.31771E+00 
4.06999E+01 1.23499E+00  8.70887E-05  1.32268E+00 
4.07999E+01 1.23999E+00  8.76011E-05  1.32772E+00 
4.08999E+01 1.24499E+00  8.81432E-05  1.33273E+00 
4.09999E+01 1.24999E+00  8.87162E-05  1.33771E+00 
4.10999E+01 1.25499E+00  8.93325E-05  1.34272E+00 
4.11999E+01 1.25999E+00  8.99881E-05  1.34771E+00 
4.12999E+01 1.26499E+00  9.07000E-05  1.35271E+00 
4.13999E+01 1.26999E+00  9.14489E-05  1.35772E+00 
4.14999E+01 1.27499E+00  9.22380E-05  1.36271E+00 
4.15999E+01 1.27999E+00  9.30773E-05  1.36771E+00 
4.16999E+01 1.28499E+00  9.39316E-05  1.37272E+00 
4.17999E+01 1.28999E+00  9.48450E-05  1.37772E+00 
4.18999E+01 1.29499E+00  9.57851E-05  1.38271E+00 
4.19999E+01 1.29999E+00  9.67494E-05  1.38773E+00 
4.20999E+01 1.30499E+00  9.77842E-05  1.39275E+00 
4.21999E+01 1.30999E+00  9.88385E-05  1.39774E+00 
4.22999E+01 1.31499E+00  9.99616E-05  1.40272E+00 
4.23999E+01 1.31999E+00  1.01141E-04  1.40773E+00 
4.24999E+01 1.32499E+00  1.02329E-04  1.41275E+00 
4.25999E+01 1.32999E+00  1.03585E-04  1.41777E+00 
4.26999E+01 1.33499E+00  1.04886E-04  1.42278E+00 
4.27999E+01 1.33999E+00  1.06225E-04  1.42779E+00 
4.28999E+01 1.34499E+00  1.07615E-04  1.43276E+00 
4.29999E+01 1.34999E+00  1.09062E-04  1.43782E+00 
4.30999E+01 1.35499E+00  1.10553E-04  1.44278E+00 
4.31999E+01 1.35999E+00  1.12094E-04  1.44779E+00 
4.32999E+01 1.36499E+00  1.13697E-04  1.45279E+00 
4.33999E+01 1.36999E+00  1.15331E-04  1.45781E+00 
4.34999E+01 1.37499E+00  1.17023E-04  1.46279E+00 
4.35999E+01 1.37999E+00  1.18775E-04  1.46783E+00 
4.36999E+01 1.38499E+00  1.20576E-04  1.47282E+00 
4.37999E+01 1.38999E+00  1.22486E-04  1.47780E+00 
4.38999E+01 1.39499E+00  1.24456E-04  1.48281E+00 
4.39999E+01 1.39999E+00  1.26352E-04  1.48781E+00 
4.40999E+01 1.40499E+00  1.28372E-04  1.49282E+00 
4.41999E+01 1.40999E+00  1.30456E-04  1.49780E+00 
4.42999E+01 1.41499E+00  1.32600E-04  1.50282E+00 
4.43999E+01 1.41999E+00  1.34791E-04  1.50784E+00 
4.44999E+01 1.42499E+00  1.37078E-04  1.51284E+00 
4.45999E+01 1.42999E+00  1.39392E-04  1.51780E+00 
4.46999E+01 1.43499E+00  1.41768E-04  1.52283E+00 
4.47999E+01 1.43999E+00  1.44214E-04  1.52781E+00 
4.48999E+01 1.44499E+00  1.46723E-04  1.53285E+00 
4.49999E+01 1.44999E+00  1.49314E-04  1.53787E+00 
4.50999E+01 1.45499E+00  1.51901E-04  1.54286E+00 
4.51999E+01 1.45999E+00  1.54546E-04  1.54784E+00 
4.52999E+01 1.46499E+00  1.57251E-04  1.55284E+00 
4.53999E+01 1.46999E+00  1.60005E-04  1.55785E+00 
4.54999E+01 1.47499E+00  1.62799E-04  1.56285E+00 
4.55999E+01 1.47999E+00  1.65640E-04  1.56785E+00 
4.56999E+01 1.48499E+00  1.68525E-04  1.57286E+00 
4.57999E+01 1.48999E+00  1.71445E-04  1.57787E+00 
4.58999E+01 1.49499E+00  1.74420E-04  1.58286E+00 
4.59999E+01 1.49999E+00  1.77438E-04  1.58787E+00 
4.60999E+01 1.50499E+00  1.80518E-04  1.59288E+00 
4.61999E+01 1.50999E+00  1.83653E-04  1.59788E+00 
4.62999E+01 1.51499E+00  1.86857E-04  1.60288E+00 
4.63999E+01 1.51999E+00  1.90075E-04  1.60789E+00 
4.64999E+01 1.52499E+00  1.93333E-04  1.61289E+00 
4.65999E+01 1.52999E+00  1.96638E-04  1.61790E+00 
4.66999E+01 1.53499E+00  2.00045E-04  1.62288E+00 
4.67999E+01 1.53999E+00  2.03708E-04  1.62792E+00 
4.68999E+01 1.54499E+00  2.07093E-04  1.63291E+00 
4.69999E+01 1.54999E+00  2.10433E-04  1.63790E+00 
4.70999E+01 1.55499E+00  2.14108E-04  1.64289E+00 
4.71999E+01 1.55999E+00  2.17539E-04  1.64795E+00 
4.72999E+01 1.56499E+00  2.21193E-04  1.65293E+00 
4.73999E+01 1.56999E+00  2.24672E-04  1.65793E+00 
4.74999E+01 1.57499E+00  2.28196E-04  1.66292E+00 
4.75999E+01 1.57999E+00  2.32045E-04  1.66797E+00 
4.76999E+01 1.58499E+00  2.35664E-04  1.67294E+00 
4.77999E+01 1.58999E+00  2.39232E-04  1.67795E+00 
4.78999E+01 1.59499E+00  2.42639E-04  1.68297E+00 
4.79999E+01 1.59999E+00  2.46210E-04  1.68796E+00 
4.80999E+01 1.60499E+00  2.49830E-04  1.69300E+00 
4.81999E+01 1.60999E+00  2.53384E-04  1.69796E+00 
4.82999E+01 1.61499E+00  2.56965E-04  1.70297E+00 
4.83999E+01 1.61999E+00  2.60634E-04  1.70796E+00 
4.84999E+01 1.62499E+00  2.64244E-04  1.71301E+00 
4.85999E+01 1.62999E+00  2.68041E-04  1.71797E+00 
4.86999E+01 1.63499E+00  2.71645E-04  1.72296E+00 
4.87999E+01 1.63999E+00  2.75220E-04  1.72797E+00 
4.88999E+01 1.64499E+00  2.78831E-04  1.73297E+00 
4.89999E+01 1.64999E+00  2.82660E-04  1.73798E+00 
4.90999E+01 1.65499E+00  2.86391E-04  1.74297E+00 
4.91999E+01 1.65999E+00  2.90098E-04  1.74800E+00 
4.92999E+01 1.66499E+00  2.93653E-04  1.75300E+00 
4.93999E+01 1.66999E+00  2.97198E-04  1.75801E+00 
4.94999E+01 1.67499E+00  3.00717E-04  1.76302E+00 
4.95999E+01 1.67999E+00  3.04235E-04  1.76804E+00 
4.96999E+01 1.68499E+00  3.07703E-04  1.77300E+00 
4.97999E+01 1.68999E+00  3.11151E-04  1.77801E+00 
4.98999E+01 1.69499E+00  3.14572E-04  1.78302E+00 
4.99999E+01 1.69999E+00  3.17952E-04  1.78798E+00 
5.00999E+01 1.70499E+00  3.21343E-04  1.79302E+00 
5.01999E+01 1.70999E+00  3.24660E-04  1.79802E+00 
5.02999E+01 1.71499E+00  3.27921E-04  1.80305E+00 
5.03999E+01 1.71999E+00  3.31154E-04  1.80803E+00 
5.04999E+01 1.72499E+00  3.34372E-04  1.81301E+00 
5.05999E+01 1.72999E+00  3.37630E-04  1.81801E+00 
5.06999E+01 1.73499E+00  3.40900E-04  1.82301E+00 
5.07999E+01 1.73999E+00  3.43975E-04  1.82804E+00 
5.08999E+01 1.74499E+00  3.47229E-04  1.83303E+00 
5.09999E+01 1.74999E+00  3.50312E-04  1.83804E+00 
5.10999E+01 1.75499E+00  3.53392E-04  1.84305E+00 
5.11999E+01 1.75999E+00  3.56343E-04  1.84807E+00 
5.12999E+01 1.76499E+00  3.59297E-04  1.85306E+00 
5.13999E+01 1.76999E+00  3.62181E-04  1.85810E+00 
5.14999E+01 1.77499E+00  3.65048E-04  1.86306E+00 
5.15999E+01 1.77999E+00  3.67920E-04  1.86809E+00 
5.16999E+01 1.78499E+00  3.70686E-04  1.87306E+00 
5.17999E+01 1.78999E+00  3.73442E-04  1.87808E+00 
5.18999E+01 1.79499E+00  3.76100E-04  1.88308E+00 
5.19999E+01 1.79999E+00  3.78841E-04  1.88809E+00 
5.20999E+01 1.79499E+00  3.70990E-04  1.88305E+00 
5.21999E+01 1.78999E+00  3.63558E-04  1.87807E+00 
5.22999E+01 1.78499E+00  3.56461E-04  1.87308E+00 
5.23999E+01 1.77999E+00  3.49634E-04  1.86805E+00 
5.24999E+01 1.77499E+00  3.43025E-04  1.86305E+00 
5.25999E+01 1.76999E+00  3.36565E-04  1.85806E+00 
5.26999E+01 1.76499E+00  3.30294E-04  1.85304E+00 
5.27999E+01 1.75999E+00  3.24121E-04  1.84807E+00 
5.28999E+01 1.75499E+00  3.18062E-04  1.84304E+00 
5.29999E+01 1.74999E+00  3.12044E-04  1.83805E+00 
5.30999E+01 1.74499E+00  3.06153E-04  1.83306E+00 
5.31999E+01 1.73999E+00  3.00294E-04  1.82805E+00 
5.32999E+01 1.73499E+00  2.94519E-04  1.82305E+00 
5.33999E+01 1.72999E+00  2.88870E-04  1.81803E+00 
5.34999E+01 1.72499E+00  2.83358E-04  1.81303E+00 
5.35999E+01 1.71999E+00  2.78002E-04  1.80805E+00 
5.36999E+01 1.71499E+00  2.72508E-04  1.80306E+00 
5.37999E+01 1.70999E+00  2.67102E-04  1.79803E+00 
5.38999E+01 1.70499E+00  2.61725E-04  1.79303E+00 
5.39999E+01 1.69999E+00  2.56515E-04  1.78803E+00 
5.40999E+01 1.69499E+00  2.51291E-04  1.78303E+00 
5.41999E+01 1.68999E+00  2.46152E-04  1.77801E+00 
5.42999E+01 1.68499E+00  2.41159E-04  1.77301E+00 
5.43999E+01 1.67999E+00  2.36258E-04  1.76801E+00 
5.44999E+01 1.67499E+00  2.31407E-04  1.76302E+00 
5.45999E+01 1.66999E+00  2.26552E-04  1.75801E+00 
5.46999E+01 1.66499E+00  2.21845E-04  1.75299E+00 
5.47999E+01 1.65999E+00  2.17255E-04  1.74798E+00 
5.48999E+01 1.65499E+00  2.12714E-04  1.74297E+00 
5.49999E+01 1.64999E+00  2.08373E-04  1.73797E+00 
5.50999E+01 1.64499E+00  2.03856E-04  1.73298E+00 
5.51999E+01 1.63999E+00  1.99474E-04  1.72797E+00 
5.52999E+01 1.63499E+00  1.95109E-04  1.72293E+00 
5.53999E+01 1.62999E+00  1.90862E-04  1.71794E+00 
5.54999E+01 1.62499E+00  1.86714E-04  1.71294E+00 
5.55999E+01 1.61999E+00  1.82615E-04  1.70795E+00 
5.56999E+01 1.61499E+00  1.78619E-04  1.70291E+00 
5.57999E+01 1.60999E+00  1.74635E-04  1.69792E+00 
5.58999E+01 1.60499E+00  1.70700E-04  1.69292E+00 
5.59999E+01 1.59999E+00  1.66867E-04  1.68796E+00 
5.60999E+01 1.59499E+00  1.63114E-04  1.68294E+00 
5.61999E+01 1.58999E+00  1.59425E-04  1.67793E+00 
5.62999E+01 1.58499E+00  1.55790E-04  1.67294E+00 
5.63999E+01 1.57999E+00  1.52157E-04  1.66795E+00 
5.64999E+01 1.57499E+00  1.48662E-04  1.66294E+00 
5.65999E+01 1.56999E+00  1.45163E-04  1.65793E+00 
5.66999E+01 1.56499E+00  1.41687E-04  1.65292E+00 
5.67999E+01 1.55999E+00  1.38323E-04  1.64795E+00 
5.68999E+01 1.55499E+00  1.35018E-04  1.64291E+00 
5.69999E+01 1.54999E+00  1.31768E-04  1.63792E+00 
5.70999E+01 1.54499E+00  1.28634E-04  1.63291E+00 
5.71999E+01 1.53999E+00  1.25533E-04  1.62794E+00 
5.72999E+01 1.53499E+00  1.22381E-04  1.62291E+00 
5.73999E+01 1.52999E+00  1.19227E-04  1.61790E+00 
5.74999E+01 1.52499E+00  1.16226E-04  1.61291E+00 
5.75999E+01 1.51999E+00  1.13312E-04  1.60791E+00 
5.76999E+01 1.51499E+00  1.10403E-04  1.60291E+00 
5.77999E+01 1.50999E+00  1.07548E-04  1.59790E+00 
5.78999E+01 1.50499E+00  1.04842E-04  1.59288E+00 
5.79999E+01 1.49999E+00  1.02117E-04  1.58788E+00 
5.80999E+01 1.49499E+00  9.93826E-05  1.58289E+00 
5.81999E+01 1.48999E+00  9.67725E-05  1.57788E+00 
5.82999E+01 1.48499E+00  9.41755E-05  1.57287E+00 
5.83999E+01 1.47999E+00  9.16481E-05  1.56786E+00 
5.84999E+01 1.47499E+00  8.91455E-05  1.56287E+00 
5.85999E+01 1.46999E+00  8.67231E-05  1.55787E+00 
5.86999E+01 1.46499E+00  8.43399E-05  1.55285E+00 
5.87999E+01 1.45999E+00  8.19992E-05  1.54783E+00 
5.88999E+01 1.45499E+00  7.96700E-05  1.54286E+00 
5.89999E+01 1.44999E+00  7.74373E-05  1.53785E+00 
5.90999E+01 1.44499E+00  7.52112E-05  1.53284E+00 
5.91999E+01 1.43999E+00  7.31074E-05  1.52785E+00 
5.92999E+01 1.43499E+00  7.10311E-05  1.52283E+00 
5.93999E+01 1.42999E+00  6.89625E-05  1.51784E+00 
5.94999E+01 1.42499E+00  6.69288E-05  1.51285E+00 
5.95999E+01 1.41999E+00  6.50191E-05  1.50783E+00 
5.96999E+01 1.41499E+00  6.30392E-05  1.50283E+00 
5.97999E+01 1.40999E+00  6.12082E-05  1.49782E+00 
5.98999E+01 1.40499E+00  5.93548E-05  1.49282E+00 
5.99998E+01 1.39999E+00  5.75475E-05  1.48782E+00 
6.00998E+01 1.39499E+00  5.57548E-05  1.48281E+00 
6.01998E+01 1.38999E+00  5.40450E-05  1.47781E+00 
6.02998E+01 1.38499E+00  5.23716E-05  1.47284E+00 
6.03998E+01 1.37999E+00  5.07850E-05  1.46783E+00 
6.04998E+01 1.37499E+00  4.92171E-05  1.46280E+00 
6.05998E+01 1.36999E+00  4.76818E-05  1.45782E+00 
6.06998E+01 1.36499E+00  4.62156E-05  1.45282E+00 
6.07998E+01 1.35999E+00  4.48031E-05  1.44780E+00 
6.08998E+01 1.35499E+00  4.34114E-05  1.44278E+00 
6.09998E+01 1.34999E+00  4.21081E-05  1.43779E+00 
6.10998E+01 1.34499E+00  4.08610E-05  1.43279E+00 
6.11998E+01 1.33999E+00  3.95882E-05  1.42779E+00 
6.12998E+01 1.33499E+00  3.83956E-05  1.42276E+00 
6.13998E+01 1.32999E+00  3.72335E-05  1.41777E+00 
6.14998E+01 1.32499E+00  3.58233E-05  1.41274E+00 
6.15998E+01 1.31999E+00  3.47428E-05  1.40773E+00 
6.16998E+01 1.31499E+00  3.36924E-05  1.40274E+00 
6.17998E+01 1.30999E+00  3.26908E-05  1.39774E+00 
6.18998E+01 1.30499E+00  3.17237E-05  1.39272E+00 
6.19998E+01 1.29999E+00  3.08091E-05  1.38772E+00 
6.20998E+01 1.29499E+00  2.99225E-05  1.38273E+00 
6.21998E+01 1.28999E+00  2.90745E-05  1.37773E+00 
6.22998E+01 1.28499E+00  2.82298E-05  1.37272E+00 
6.23998E+01 1.27999E+00  2.74875E-05  1.36770E+00 
6.24998E+01 1.27499E+00  2.67112E-05  1.36273E+00 
6.25998E+01 1.26999E+00  2.59807E-05  1.35773E+00 
6.26998E+01 1.26499E+00  2.52826E-05  1.35271E+00 
6.27998E+01 1.25999E+00  2.46249E-05  1.34770E+00 
6.28998E+01 1.25499E+00  2.40081E-05  1.34272E+00 
6.29998E+01 1.24999E+00  2.35439E-05  1.33773E+00 
6.30998E+01 1.24499E+00  2.29456E-05  1.33270E+00 
6.31998E+01 1.23999E+00  2.23579E-05  1.32769E+00 
6.32998E+01 1.23499E+00  2.18033E-05  1.32270E+00 
6.33998E+01 1.22999E+00  2.12898E-05  1.31771E+00 
6.34998E+01 1.22499E+00  2.07958E-05  1.31271E+00 
6.35998E+01 1.21999E+00  2.03289E-05  1.30768E+00 
6.36998E+01 1.21499E+00  1.98977E-05  1.30271E+00 
6.37998E+01 1.20999E+00  1.94729E-05  1.29770E+00 
6.38998E+01 1.20499E+00  1.90894E-05  1.29269E+00 
6.39998E+01 1.19999E+00  1.87021E-05  1.28768E+00 
6.40998E+01 1.19500E+00  1.83232E-05  1.28269E+00 
6.41998E+01 1.19000E+00  1.79756E-05  1.27767E+00 
6.42998E+01 1.18500E+00  1.76403E-05  1.27267E+00 
6.43998E+01 1.18000E+00  1.73185E-05  1.26767E+00 
6.44998E+01 1.17500E+00  1.70257E-05  1.26266E+00 
6.45998E+01 1.17000E+00  1.67334E-05  1.25768E+00 
6.46998E+01 1.16500E+00  1.64520E-05  1.25267E+00 
6.47998E+01 1.16000E+00  1.61966E-05  1.24766E+00 
6.48998E+01 1.15500E+00  1.59408E-05  1.24263E+00 
6.49998E+01 1.15000E+00  1.57015E-05  1.23767E+00 
6.50998E+01 1.14500E+00  1.54687E-05  1.23268E+00 
6.51998E+01 1.14000E+00  1.52482E-05  1.22765E+00 
6.52998E+01 1.13500E+00  1.50392E-05  1.22265E+00 
6.53998E+01 1.13000E+00  1.48347E-05  1.21766E+00 
6.54998E+01 1.12500E+00  1.46300E-05  1.21267E+00 
6.55998E+01 1.12000E+00  1.44301E-05  1.20765E+00 
6.56998E+01 1.11500E+00  1.42370E-05  1.20264E+00 
6.57998E+01 1.11000E+00  1.40523E-05  1.19762E+00 
6.58998E+01 1.10500E+00  1.38750E-05  1.19265E+00 
6.59998E+01 1.10000E+00  1.36993E-05  1.18764E+00 
6.60998E+01 1.09500E+00  1.35401E-05  1.18263E+00 
6.61998E+01 1.09000E+00  1.33789E-05  1.17763E+00 
6.62998E+01 1.08500E+00  1.32147E-05  1.17263E+00 
6.63998E+01 1.08000E+00  1.31393E-05  1.16765E+00 
6.64998E+01 1.07500E+00  1.31467E-05  1.16261E+00 
6.65998E+01 1.07000E+00  1.30344E-05  1.15759E+00 
6.66998E+01 1.06500E+00  1.28734E-05  1.15259E+00 
6.67998E+01 1.06000E+00  1.27027E-05  1.14760E+00 
6.68998E+01 1.05500E+00  1.25351E-05  1.14258E+00 
6.69998E+01 1.05000E+00  1.23729E-05  1.13759E+00 
6.70998E+01 1.04500E+00  1.22210E-05  1.13261E+00 
6.71998E+01 1.04000E+00  1.20751E-05  1.12761E+00 
6.72998E+01 1.03500E+00  1.19378E-05  1.12260E+00 
6.73998E+01 1.03000E+00  1.17913E-05  1.11760E+00 
6.74998E+01 1.02500E+00  1.16364E-05  1.11258E+00 
6.75998E+01 1.02000E+00  1.14835E-05  1.10758E+00 
6.76998E+01 1.01500E+00  1.13351E-05  1.10256E+00 
6.77998E+01 1.01000E+00  1.11892E-05  1.09754E+00 
6.78998E+01 1.00500E+00  1.10457E-05  1.09256E+00 
6.79998E+01 9.99995E-01  1.09056E-05  1.08754E+00 
6.80998E+01 9.94996E-01  1.07692E-05  1.08252E+00 
6.81998E+01 9.89996E-01  1.06772E-05  1.07754E+00 
6.82998E+01 9.84996E-01  1.05423E-05  1.07254E+00 
6.83998E+01 9.79996E-01  1.04052E-05  1.06756E+00 
6.84998E+01 9.74996E-01  1.02728E-05  1.06251E+00 
6.85998E+01 9.69996E-01  1.01428E-05  1.05751E+00 
6.86998E+01 9.64996E-01  1.00171E-05  1.05252E+00 
6.87998E+01 9.59996E-01  9.89819E-06  1.04751E+00 
6.88998E+01 9.54996E-01  9.77682E-06  1.04249E+00 
6.89998E+01 9.49996E-01  9.65615E-06  1.03750E+00 
6.90998E+01 9.44996E-01  9.54033E-06  1.03251E+00 
6.91998E+01 9.39996E-01  9.42411E-06  1.02751E+00 
6.92998E+01 9.34996E-01  9.30918E-06  1.02251E+00 
6.93998E+01 9.29996E-01  9.19519E-06  1.01751E+00 
6.94998E+01 9.24996E-01  9.07807E-06  1.01252E+00 
6.95998E+01 9.19996E-01  8.96197E-06  1.00751E+00 
6.96998E+01 9.14996E-01  8.84622E-06  1.00250E+00 
6.97998E+01 9.09996E-01  8.73462E-06  9.97500E-01 
6.98998E+01 9.04996E-01  8.62085E-06  9.92517E-01 
6.99998E+01 8.99996E-01  8.50238E-06  9.87493E-01 
7.00998E+01 8.94996E-01  8.38466E-06  9.82479E-01 
7.01998E+01 8.89996E-01  8.27004E-06  9.77473E-01 
7.02998E+01 8.84996E-01  8.12690E-06  9.72489E-01 
7.03998E+01 8.79996E-01  8.00657E-06  9.67480E-01 
7.04998E+01 8.74996E-01  7.89778E-06  9.62487E-01 
7.05998E+01 8.69996E-01  7.79005E-06  9.57479E-01 
7.06998E+01 8.64996E-01  7.67690E-06  9.52476E-01 
7.07998E+01 8.59996E-01  7.57608E-06  9.47469E-01 
7.08998E+01 8.54996E-01  7.46866E-06  9.42464E-01 
7.09998E+01 8.49996E-01  7.35633E-06  9.37472E-01 
7.10998E+01 8.44996E-01  7.23739E-06  9.32444E-01 
7.11998E+01 8.39996E-01  7.11509E-06  9.27443E-01 
7.12998E+01 8.34996E-01  6.98852E-06  9.22446E-01 
7.13998E+01 8.29996E-01  6.86648E-06  9.17456E-01 
7.14998E+01 8.24996E-01  6.74453E-06  9.12444E-01 
7.15998E+01 8.19996E-01  6.62184E-06  9.07451E-01 
7.16998E+01 8.14996E-01  6.49779E-06  9.02425E-01 
7.17998E+01 8.09996E-01  6.37932E-06  8.97437E-01 
7.18998E+01 8.04996E-01  6.25360E-06  8.92435E-01 
7.19998E+01 7.99996E-01  6.12991E-06  8.87413E-01 
7.20998E+01 7.94996E-01  6.00246E-06  8.82425E-01 
7.21998E+01 7.89996E-01  5.87607E-06  8.77423E-01 
7.22998E+01 7.84996E-01  5.75000E-06  8.72408E-01 
7.23998E+01 7.79996E-01  5.62393E-06  8.67420E-01 
7.24998E+01 7.74996E-01  5.48816E-06  8.62410E-01 
7.25998E+01 7.69996E-01  5.36162E-06  8.57421E-01 
7.26998E+01 7.64996E-01  5.22907E-06  8.52417E-01 
7.27998E+01 7.59996E-01  5.09863E-06  8.47389E-01 
7.28998E+01 7.54996E-01  4.96419E-06  8.42397E-01 
7.29998E+01 7.49996E-01  4.82885E-06  8.37400E-01 
7.30998E+01 7.44996E-01  4.69473E-06  8.32394E-01 
7.31998E+01 7.39996E-01  4.55601E-06  8.27375E-01 
7.32998E+01 7.34996E-01  4.42105E-06  8.22391E-01 
7.33998E+01 7.29996E-01  4.27541E-06  8.17412E-01 
7.34998E+01 7.24996E-01  4.13659E-06  8.12396E-01 
7.35998E+01 7.19996E-01  3.99567E-06  8.07396E-01 
7.36998E+01 7.14996E-01  3.85098E-06  8.02382E-01 
7.37998E+01 7.09996E-01  3.70839E-06  7.97395E-01 
7.38998E+01 7.04996E-01  3.53362E-06  7.92368E-01 
7.39998E+01 6.99996E-01  3.38388E-06  7.87372E-01 
7.40998E+01 6.94996E-01  3.23887E-06  7.82359E-01 
7.41998E+01 6.89996E-01  3.08865E-06  7.77351E-01 
7.42998E+01 6.84996E-01  2.93733E-06  7.72325E-01 
7.43998E+01 6.79996E-01  2.78594E-06  7.67336E-01 
7.44998E+01 6.74996E-01  2.63050E-06  7.62350E-01 
7.45998E+01 6.69996E-01  2.47521E-06  7.57335E-01 
7.46998E+01 6.64996E-01  2.32003E-06  7.52329E-01 
7.47998E+01 6.59996E-01  2.16182E-06  7.47337E-01 
7.48998E+01 6.54996E-01  1.99808E-06  7.42338E-01 
7.49998E+01 6.49996E-01  1.84056E-06  7.37339E-01 
7.50998E+01 6.44996E-01  1.67843E-06  7.32289E-01 
7.51998E+01 6.39996E-01  1.51336E-06  7.27304E-01 
7.52998E+01 6.34996E-01  1.34961E-06  7.22320E-01 
7.53998E+01 6.29996E-01  1.18114E-06  7.17316E-01 
7.54998E+01 6.24996E-01  1.01273E-06  7.12304E-01 
7.55998E+01 6.19996E-01  8.35465E-07  7.07303E-01 
7.56998E+01 6.14996E-01  6.62468E-07  7.02319E-01 
7.57998E+01 6.09996E-01  4.86052E-07  6.97303E-01 
7.58998E+01 6.04996E-01  3.06439E-07  6.92304E-01 
7.59998E+01 5.99996E-01  1.20925E-07  6.87314E-01 
7.60998E+01 5.94997E-01  -6.32969E-08 6.82321E-01 
7.61998E+01 5.89997E-01  -2.54994E-07 6.77306E-01 
7.62998E+01 5.84997E-01  -4.47676E-07 6.72303E-01 
7.63998E+01 5.79997E-01  -6.44417E-07 6.67301E-01 
7.64998E+01 5.74997E-01  -8.43866E-07 6.62291E-01 
7.65998E+01 5.69997E-01  -1.04565E-06 6.57292E-01 
7.66998E+01 5.64997E-01  -1.24527E-06 6.52279E-01 
7.67998E+01 5.59997E-01  -1.45386E-06 6.47273E-01 
7.68998E+01 5.54997E-01  -1.65968E-06 6.42303E-01 
7.69998E+01 5.49997E-01  -1.87069E-06 6.37288E-01 
7.70998E+01 5.44997E-01  -2.08373E-06 6.32283E-01 
7.71998E+01 5.39997E-01  -2.29780E-06 6.27247E-01 
7.72998E+01 5.34997E-01  -2.51707E-06 6.22251E-01 
7.73998E+01 5.29997E-01  -2.73641E-06 6.17259E-01 
7.74998E+01 5.24997E-01  -2.96493E-06 6.12257E-01 
7.75998E+01 5.19997E-01  -3.19293E-06 6.07219E-01 
7.76998E+01 5.14997E-01  -3.42772E-06 6.02209E-01 
7.77998E+01 5.09997E-01  -3.66642E-06 5.97211E-01 
7.78998E+01 5.04997E-01  -3.91273E-06 5.92217E-01 
7.79998E+01 4.99997E-01  -4.16162E-06 5.87224E-01 
7.80998E+01 4.94997E-01  -4.42419E-06 5.82206E-01 
7.81998E+01 4.89997E-01  -4.69085E-06 5.77239E-01 
7.82998E+01 4.84997E-01  -4.96619E-06 5.72207E-01 
7.83998E+01 4.79997E-01  -5.24930E-06 5.67201E-01 
7.84998E+01 4.74997E-01  -5.54198E-06 5.62184E-01 
7.85998E+01 4.69997E-01  -5.83919E-06 5.57209E-01 
7.86998E+01 4.64997E-01  -6.14972E-06 5.52202E-01 
7.87998E+01 4.59997E-01  -6.46968E-06 5.47190E-01 
7.88998E+01 4.54997E-01  -6.80389E-06 5.42181E-01 
7.89998E+01 4.49997E-01  -7.14417E-06 5.37182E-01 
7.90998E+01 4.44997E-01  -7.49077E-06 5.32219E-01 
7.91998E+01 4.39997E-01  -7.85407E-06 5.27179E-01 
7.92998E+01 4.34997E-01  -8.22704E-06 5.22181E-01 
7.93998E+01 4.29997E-01  -8.61194E-06 5.17184E-01 
7.94998E+01 4.24997E-01  -9.00553E-06 5.12186E-01 
7.95998E+01 4.19997E-01  -9.41830E-06 5.07177E-01 
7.96998E+01 4.14997E-01  -9.83788E-06 5.02175E-01 
7.97998E+01 4.09997E-01  -1.02769E-05 4.97167E-01 
7.98998E+01 4.04997E-01  -1.07179E-05 4.92191E-01 
7.99998E+01 3.99997E-01  -1.11808E-05 4.87155E-01 
8.00998E+01 3.94997E-01  -1.16504E-05 4.82154E-01 
8.01998E+01 3.89997E-01  -1.21370E-05 4.77154E-01 
8.02998E+01 3.84997E-01  -1.26394E-05 4.72154E-01 
8.03998E+01 3.79997E-01  -1.31609E-05 4.67169E-01 
8.04998E+01 3.74997E-01  -1.36889E-05 4.62143E-01 
8.05998E+01 3.69997E-01  -1.42353E-05 4.57159E-01 
8.06998E+01 3.64997E-01  -1.48024E-05 4.52146E-01 
8.07998E+01 3.59997E-01  -1.53796E-05 4.47132E-01 
8.08998E+01 3.54997E-01  -1.59753E-05 4.42133E-01 
8.09998E+01 3.49997E-01  -1.65912E-05 4.37134E-01 
8.10998E+01 3.44997E-01  -1.72237E-05 4.32110E-01 
8.11998E+01 3.39997E-01  -1.78636E-05 4.27139E-01 
8.12998E+01 3.34997E-01  -1.85261E-05 4.22137E-01 
8.13998E+01 3.29997E-01  -1.92030E-05 4.17152E-01 
8.14998E+01 3.24997E-01  -1.98998E-05 4.12105E-01 
8.15998E+01 3.19997E-01  -2.06136E-05 4.07106E-01 
8.16998E+01 3.14997E-01  -2.13154E-05 4.02138E-01 
8.17998E+01 3.09997E-01  -2.20653E-05 3.97126E-01 
8.18998E+01 3.04997E-01  -2.28280E-05 3.92098E-01 
8.19998E+01 2.99997E-01  -2.36169E-05 3.87116E-01 
8.20998E+01 2.94997E-01  -2.44157E-05 3.82107E-01 
8.21998E+01 2.89997E-01  -2.52363E-05 3.77131E-01 
8.22998E+01 2.84997E-01  -2.60770E-05 3.72123E-01 
8.23998E+01 2.79997E-01  -2.69347E-05 3.67090E-01 
8.24998E+01 2.74997E-01  -2.78037E-05 3.62097E-01 
8.25998E+01 2.69997E-01  -2.86910E-05 3.57123E-01 
8.26998E+01 2.64997E-01  -2.95857E-05 3.52112E-01 
8.27998E+01 2.59997E-01  -3.05018E-05 3.47064E-01 
8.28998E+01 2.54997E-01  -3.14218E-05 3.42084E-01 
8.29998E+01 2.49997E-01  -3.23543E-05 3.37111E-01 
8.30998E+01 2.44997E-01  -3.32922E-05 3.32110E-01 
8.31998E+01 2.39997E-01  -3.42360E-05 3.27059E-01 
8.32998E+01 2.34997E-01  -3.51844E-05 3.22071E-01 
8.33998E+01 2.29997E-01  -3.61312E-05 3.17062E-01 
8.34998E+01 2.24997E-01  -3.70855E-05 3.12043E-01 
8.35998E+01 2.19997E-01  -3.80338E-05 3.07050E-01 
8.36998E+01 2.14997E-01  -3.89813E-05 3.02035E-01 
8.37998E+01 2.09997E-01  -3.99243E-05 2.97029E-01 
8.38998E+01 2.04997E-01  -4.08622E-05 2.92043E-01 
8.39998E+01 1.99997E-01  -4.17904E-05 2.87050E-01 
8.40998E+01 1.94998E-01  -4.27127E-05 2.82051E-01 
8.41998E+01 1.89998E-01  -4.36200E-05 2.77046E-01 
8.42998E+01 1.84998E-01  -4.45181E-05 2.72004E-01 
8.43998E+01 1.79998E-01  -4.53959E-05 2.67032E-01 
8.44998E+01 1.74998E-01  -4.62532E-05 2.62007E-01 
8.45998E+01 1.69998E-01  -4.70955E-05 2.57034E-01 
8.46998E+01 1.64998E-01  -4.79232E-05 2.51969E-01 
8.47998E+01 1.59998E-01  -4.87235E-05 2.47023E-01 
8.48998E+01 1.54998E-01  -4.95020E-05 2.41999E-01 
8.49998E+01 1.49998E-01  -5.02570E-05 2.37008E-01 
8.50998E+01 1.44998E-01  -5.09962E-05 2.32000E-01 
8.51998E+01 1.39998E-01  -5.17117E-05 2.27001E-01 
8.52998E+01 1.34998E-01  -5.24021E-05 2.22004E-01 
8.53998E+01 1.29998E-01  -5.30727E-05 2.16998E-01 
8.54998E+01 1.24998E-01  -5.37356E-05 2.11980E-01 
8.55998E+01 1.19998E-01  -5.43801E-05 2.06970E-01 
8.56998E+01 1.14998E-01  -5.50153E-05 2.01981E-01 
8.57998E+01 1.09998E-01  -5.56366E-05 1.96991E-01 
8.58998E+01 1.04998E-01  -5.62452E-05 1.91988E-01 
8.59998E+01 9.99977E-02  -5.68539E-05 1.86973E-01 
8.60998E+01 9.49978E-02  -5.74432E-05 1.81996E-01 
8.61998E+01 8.99978E-02  -5.80298E-05 1.76971E-01 
8.62998E+01 8.49978E-02  -5.86001E-05 1.71974E-01 
8.63998E+01 7.99978E-02  -5.91674E-05 1.66968E-01 
8.64998E+01 7.49978E-02  -5.97212E-05 1.61983E-01 
8.65998E+01 6.99978E-02  -6.02671E-05 1.56977E-01 
8.66998E+01 6.49978E-02  -6.07986E-05 1.51958E-01 
8.67998E+01 5.99978E-02  -6.13163E-05 1.46965E-01 
8.68998E+01 5.49979E-02  -6.18173E-05 1.41963E-01 
8.69998E+01 4.99979E-02  -6.22563E-05 1.36961E-01 
8.70998E+01 4.49979E-02  -6.27950E-05 1.31914E-01 
8.71998E+01 3.99979E-02  -6.32484E-05 1.26933E-01 
8.72998E+01 3.49979E-02  -6.36844E-05 1.21951E-01 
8.73998E+01 2.99979E-02  -6.41033E-05 1.16942E-01 
8.74998E+01 2.49979E-02  -6.45051E-05 1.11925E-01 
8.75998E+01 1.99979E-02  -6.48913E-05 1.06912E-01 
8.76998E+01 1.49980E-02  -6.52545E-05 1.01959E-01 
8.77998E+01 9.99797E-03  -6.56107E-05 9.69368E-02 
8.78998E+01 4.99799E-03  -6.59475E-05 9.18841E-02 
8.79998E+01 -2.00000E-06 -6.62717E-05 8.68988E-02 
8.80998E+01 -5.00199E-03 -6.65871E-05 8.19347E-02 
8.81998E+01 -1.00020E-02 -6.68941E-05 7.69244E-02 
8.82998E+01 -1.50020E-02 -6.71872E-05 7.18904E-02 
8.83998E+01 -2.00020E-02 -6.74809E-05 6.68664E-02 
8.84998E+01 -2.50019E-02 -6.77524E-05 6.19248E-02 
8.85998E+01 -3.00019E-02 -6.80201E-05 5.69083E-02 
8.86998E+01 -3.50019E-02 -6.82947E-05 5.18649E-02 
8.87998E+01 -4.00019E-02 -6.85654E-05 4.68852E-02 
8.88998E+01 -4.50019E-02 -6.88421E-05 4.18874E-02 
8.89998E+01 -5.00019E-02 -6.91057E-05 3.68884E-02 
8.90998E+01 -5.50019E-02 -6.93629E-05 3.18643E-02 
8.91998E+01 -6.00019E-02 -6.96331E-05 2.68297E-02 
8.92998E+01 -6.50018E-02 -6.98944E-05 2.18675E-02 
8.93998E+01 -7.00018E-02 -7.01496E-05 1.68847E-02 
8.94998E+01 -7.50018E-02 -7.04072E-05 1.18763E-02 
8.95998E+01 -8.00018E-02 -7.06625E-05 6.83725E-03 
8.96998E+01 -8.50018E-02 -7.09233E-05 1.87380E-03 
8.97998E+01 -9.00018E-02 -7.11860E-05 -3.15646E-03
8.98998E+01 -9.50018E-02 -7.14537E-05 -8.16177E-03
8.99998E+01 -1.00002E-01 -7.17312E-05 -1.31733E-02
9.00998E+01 -1.05002E-01 -7.20082E-05 -1.81679E-02
9.01998E+01 -1.10002E-01 -7.22883E-05 -2.31377E-02
9.02998E+01 -1.15002E-01 -7.25763E-05 -2.81404E-02
9.03998E+01 -1.20002E-01 -7.28637E-05 -3.31557E-02
9.04998E+01 -1.25002E-01 -7.31618E-05 -3.81804E-02
9.05998E+01 -1.30002E-01 -7.34691E-05 -4.31738E-02
9.06998E+01 -1.35002E-01 -7.37896E-05 -4.81497E-02
9.07998E+01 -1.40002E-01 -7.41164E-05 -5.31576E-02
9.08998E+01 -1.45002E-01 -7.44539E-05 -5.82009E-02
9.09998E+01 -1.50002E-01 -7.48091E-05 -6.31781E-02
9.10998E+01 -1.55002E-01 -7.51774E-05 -6.81697E-02
9.11998E+01 -1.60002E-01 -7.55661E-05 -7.31918E-02
9.12998E+01 -1.65002E-01 -7.59780E-05 -7.81884E-02
9.13998E+01 -1.70002E-01 -7.64225E-05 -8.32030E-02
9.14998E+01 -1.75002E-01 -7.69208E-05 -8.81696E-02
9.15998E+01 -1.80002E-01 -7.74891E-05 -9.31699E-02
9.16998E+01 -1.85002E-01 -7.81536E-05 -9.81877E-02
9.17998E+01 -1.90002E-01 -7.89462E-05 -1.03197E-01
9.18998E+01 -1.95002E-01 -7.98893E-05 -1.08195E-01
9.19998E+01 -2.00002E-01 -8.09963E-05 -1.13201E-01
9.20998E+01 -2.05001E-01 -8.22626E-05 -1.18221E-01
9.21998E+01 -2.10001E-01 -8.36635E-05 -1.23197E-01
9.22998E+01 -2.15001E-01 -8.51454E-05 -1.28183E-01
9.23998E+01 -2.20001E-01 -8.67050E-05 -1.33184E-01
9.24998E+01 -2.25001E-01 -8.83088E-05 -1.38221E-01
9.25998E+01 -2.30001E-01 -8.99601E-05 -1.43231E-01
9.26998E+01 -2.35001E-01 -9.16474E-05 -1.48211E-01
9.27998E+01 -2.40001E-01 -9.33808E-05 -1.53205E-01
9.28998E+01 -2.45001E-01 -9.51326E-05 -1.58215E-01
9.29998E+01 -2.50001E-01 -9.69197E-05 -1.63223E-01
9.30998E+01 -2.55001E-01 -9.87408E-05 -1.68224E-01
9.31998E+01 -2.60001E-01 -1.00581E-04 -1.73235E-01
9.32998E+01 -2.65001E-01 -1.02443E-04 -1.78264E-01
9.33998E+01 -2.70001E-01 -1.04333E-04 -1.83256E-01
9.34998E+01 -2.75001E-01 -1.06235E-04 -1.88265E-01
9.35998E+01 -2.80001E-01 -1.08156E-04 -1.93279E-01
9.36998E+01 -2.85001E-01 -1.10088E-04 -1.98283E-01
9.37998E+01 -2.90001E-01 -1.12024E-04 -2.03266E-01
9.38998E+01 -2.95001E-01 -1.13974E-04 -2.08295E-01
9.39998E+01 -3.00001E-01 -1.15925E-04 -2.13276E-01
9.40998E+01 -3.05001E-01 -1.17879E-04 -2.18282E-01
9.41998E+01 -3.10001E-01 -1.19828E-04 -2.23282E-01
9.42998E+01 -3.15001E-01 -1.21767E-04 -2.28273E-01
9.43998E+01 -3.20001E-01 -1.23670E-04 -2.33301E-01
9.44998E+01 -3.25001E-01 -1.25590E-04 -2.38304E-01
9.45998E+01 -3.30001E-01 -1.27492E-04 -2.43294E-01
9.46998E+01 -3.35001E-01 -1.29356E-04 -2.48305E-01
9.47998E+01 -3.40001E-01 -1.31207E-04 -2.53307E-01
9.48998E+01 -3.45001E-01 -1.33042E-04 -2.58326E-01
9.49998E+01 -3.50001E-01 -1.34849E-04 -2.63319E-01
9.50998E+01 -3.55001E-01 -1.36627E-04 -2.68321E-01
9.51998E+01 -3.60001E-01 -1.38372E-04 -2.73324E-01
9.52998E+01 -3.65001E-01 -1.40104E-04 -2.78314E-01
9.53998E+01 -3.70001E-01 -1.41792E-04 -2.83354E-01
9.54998E+01 -3.75001E-01 -1.43428E-04 -2.88323E-01
9.55998E+01 -3.80001E-01 -1.45031E-04 -2.93318E-01
9.56998E+01 -3.85001E-01 -1.46617E-04 -2.98313E-01
9.57998E+01 -3.90001E-01 -1.48171E-04 -3.03333E-01
9.58998E+01 -3.95001E-01 -1.49700E-04 -3.08347E-01
9.59998E+01 -4.00001E-01 -1.51206E-04 -3.13323E-01
9.60998E+01 -4.05001E-01 -1.52656E-04 -3.18337E-01
9.61998E+01 -4.10001E-01 -1.54094E-04 -3.23341E-01
9.62998E+01 -4.15001E-01 -1.55504E-04 -3.28358E-01
9.63998E+01 -4.20001E-01 -1.56911E-04 -3.33355E-01
9.64998E+01 -4.25001E-01 -1.58272E-04 -3.38362E-01
9.65998E+01 -4.30001E-01 -1.59618E-04 -3.43370E-01
9.66998E+01 -4.35001E-01 -1.60939E-04 -3.48374E-01
9.67998E+01 -4.40001E-01 -1.62264E-04 -3.53374E-01
9.68998E+01 -4.45001E-01 -1.63529E-04 -3.58380E-01
9.69998E+01 -4.50001E-01 -1.64785E-04 -3.63363E-01
9.70998E+01 -4.55001E-01 -1.66030E-04 -3.68380E-01
9.71998E+01 -4.60001E-01 -1.67300E-04 -3.73379E-01
9.72998E+01 -4.65001E-01 -1.68579E-04 -3.78374E-01
9.73998E+01 -4.70001E-01 -1.69710E-04 -3.83359E-01
9.74998E+01 -4.75001E-01 -1.70925E-04 -3.88370E-01
9.75998E+01 -4.80001E-01 -1.72191E-04 -3.93379E-01
9.76998E+01 -4.85001E-01 -1.73251E-04 -3.98380E-01
9.77998E+01 -4.90001E-01 -1.74409E-04 -4.03398E-01
9.78998E+01 -4.95001E-01 -1.75568E-04 -4.08383E-01
9.79998E+01 -5.00001E-01 -1.76735E-04 -4.13380E-01
9.80998E+01 -5.05001E-01 -1.77891E-04 -4.18391E-01
9.81998E+01 -5.10001E-01 -1.78995E-04 -4.23386E-01
9.82998E+01 -5.15001E-01 -1.80190E-04 -4.28368E-01
9.83998E+01 -5.20001E-01 -1.81233E-04 -4.33409E-01
9.84998E+01 -5.25001E-01 -1.82437E-04 -4.38428E-01
9.85998E+01 -5.30001E-01 -1.83484E-04 -4.43425E-01
9.86998E+01 -5.35001E-01 -1.84766E-04 -4.48392E-01
9.87998E+01 -5.40001E-01 -1.85814E-04 -4.53420E-01
9.88998E+01 -5.45001E-01 -1.87009E-04 -4.58440E-01
9.89998E+01 -5.50001E-01 -1.88084E-04 -4.63412E-01
9.90998E+01 -5.55001E-01 -1.89289E-04 -4.68410E-01
9.91998E+01 -5.60001E-01 -1.90490E-04 -4.73409E-01
9.92998E+01 -5.65001E-01 -1.91704E-04 -4.78422E-01
9.93998E+01 -5.70001E-01 -1.92914E-04 -4.83425E-01
9.94998E+01 -5.75001E-01 -1.94154E-04 -4.88422E-01
9.95998E+01 -5.80001E-01 -1.95345E-04 -4.93455E-01
9.96998E+01 -5.85001E-01 -1.96624E-04 -4.98465E-01
9.97998E+01 -5.90001E-01 -1.97875E-04 -5.03445E-01
9.98998E+01 -5.95001E-01 -1.99194E-04 -5.08465E-01
9.99997E+01 -6.00001E-01 -2.00536E-04 -5.13488E-01
1.00100E+02 -6.05000E-01 -2.01864E-04 -5.18487E-01
1.00200E+02 -6.10000E-01 -2.03201E-04 -5.23464E-01
1.00300E+02 -6.15000E-01 -2.04603E-04 -5.28493E-01
1.00400E+02 -6.20000E-01 -2.05897E-04 -5.33513E-01
1.00500E+02 -6.25000E-01 -2.07199E-04 -5.38500E-01
1.00600E+02 -6.30000E-01 -2.08402E-04 -5.43501E-01
1.00700E+02 -6.35000E-01 -2.09737E-04 -5.48485E-01
1.00800E+02 -6.40000E-01 -2.10906E-04 -5.53503E-01
1.00900E+02 -6.45000E-01 -2.12298E-04 -5.58483E-01
1.01000E+02 -6.50000E-01 -2.13694E-04 -5.63489E-01
1.01100E+02 -6.55000E-01 -2.15073E-04 -5.68503E-01
1.01200E+02 -6.60000E-01 -2.16518E-04 -5.73510E-01
1.01300E+02 -6.65000E-01 -2.18095E-04 -5.78530E-01
1.01400E+02 -6.70000E-01 -2.19059E-04 -5.83511E-01
1.01500E+02 -6.75000E-01 -2.20291E-04 -5.88523E-01
1.01600E+02 -6.80000E-01 -2.21511E-04 -5.93551E-01
1.01700E+02 -6.85000E-01 -2.22702E-04 -5.98519E-01
1.01800E+02 -6.90000E-01 -2.24053E-04 -6.03501E-01
1.01900E+02 -6.95000E-01 -2.25122E-04 -6.08521E-01
1.02000E+02 -7.00000E-01 -2.26335E-04 -6.13526E-01
1.02100E+02 -7.05000E-01 -2.27407E-04 -6.18536E-01
1.02200E+02 -7.10000E-01 -2.28570E-04 -6.23522E-01
1.02300E+02 -7.15000E-01 -2.29402E-04 -6.28529E-01
1.02400E+02 -7.20000E-01 -2.29875E-04 -6.33549E-01
1.02500E+02 -7.25000E-01 -2.29959E-04 -6.38545E-01
1.02600E+02 -7.30000E-01 -2.29535E-04 -6.43522E-01
1.02700E+02 -7.35000E-01 -2.28149E-04 -6.48534E-01
1.02800E+02 -7.40000E-01 -2.24954E-04 -6.53575E-01
1.02900E+02 -7.45000E-01 -2.18624E-04 -6.58577E-01
1.03000E+02 -7.50000E-01 -2.07133E-04 -6.63587E-01
1.03100E+02 -7.55000E-01 -1.88826E-04 -6.68568E-01
1.03200E+02 -7.60000E-01 -1.66236E-04 -6.73585E-01
1.03300E+02 -7.65000E-01 -1.47356E-04 -6.78594E-01
1.03400E+02 -7.70000E-01 -1.34726E-04 -6.83584E-01
1.03500E+02 -7.75000E-01 -1.25178E-04 -6.88568E-01
1.03600E+02 -7.80000E-01 -1.18024E-04 -6.93612E-01
1.03700E+02 -7.85000E-01 -1.11929E-04 -6.98610E-01
1.03800E+02 -7.90000E-01 -1.06801E-04 -7.03562E-01
1.03900E+02 -7.95000E-01 -1.02283E-04 -7.08568E-01
