time/s      E/V        I/A
0.00000E+00 -8.00000E-01 -6.51700E-05 -7.25001E-01
9.99997E-02 -7.95000E-01 -4.78401E-05 -7.20025E-01
1.99999E-01 -7.90000E-01 -3.99913E-05 -7.14998E-01
2.99999E-01 -7.85000E-01 -3.44459E-05 -7.10001E-01
3.99999E-01 -7.80000E-01 -3.47081E-05 -7.05012E-01
4.99999E-01 -7.75000E-01 -3.14606E-05 -7.00011E-01
5.99998E-01 -7.70000E-01 -2.91087E-05 -6.94995E-01
6.99998E-01 -7.65000E-01 -2.69337E-05 -6.89958E-01
7.99998E-01 -7.60000E-01 -2.56176E-05 -6.85014E-01
8.99998E-01 -7.55000E-01 -2.41073E-05 -6.80003E-01
9.99997E-01 -7.50000E-01 -2.26918E-05 -6.75001E-01
1.10000E+00 -7.45000E-01 -2.11733E-05 -6.69983E-01
1.20000E+00 -7.40000E-01 -2.00268E-05 -6.65007E-01
1.30000E+00 -7.35000E-01 -1.91628E-05 -6.60016E-01
1.40000E+00 -7.30000E-01 -1.84040E-05 -6.55055E-01
1.50000E+00 -7.25000E-01 -1.76662E-05 -6.50001E-01
1.60000E+00 -7.20000E-01 -1.70468E-05 -6.44994E-01
1.70000E+00 -7.15000E-01 -1.64650E-05 -6.39985E-01
1.80000E+00 -7.10000E-01 -1.57897E-05 -6.34984E-01
1.90000E+00 -7.05000E-01 -1.52916E-05 -6.29970E-01
1.99999E+00 -7.00000E-01 -1.47098E-05 -6.24946E-01
2.09999E+00 -6.95000E-01 -1.41038E-05 -6.19966E-01
2.19999E+00 -6.90000E-01 -1.36050E-05 -6.14982E-01
2.29999E+00 -6.85000E-01 -1.30962E-05 -6.09952E-01
2.39999E+00 -6.80000E-01 -1.29913E-05 -6.04952E-01
2.49999E+00 -6.75000E-01 -1.30855E-05 -5.99957E-01
2.59999E+00 -6.70000E-01 -1.28516E-05 -5.94986E-01
2.69999E+00 -6.65000E-01 -1.26645E-05 -5.89954E-01
2.79999E+00 -6.60000E-01 -1.30049E-05 -5.84929E-01
2.89999E+00 -6.55000E-01 -1.30075E-05 -5.79955E-01
2.99999E+00 -6.50000E-01 -1.25883E-05 -5.74959E-01
3.09999E+00 -6.45000E-01 -1.17339E-05 -5.69952E-01
3.19999E+00 -6.40000E-01 -9.82545E-06 -5.64945E-01
3.29999E+00 -6.35000E-01 -8.15298E-06 -5.59985E-01
3.39999E+00 -6.30000E-01 -7.49454E-06 -5.54943E-01
3.49999E+00 -6.25000E-01 -6.48848E-06 -5.49942E-01
3.59999E+00 -6.20000E-01 -4.73833E-06 -5.44939E-01
3.69999E+00 -6.15000E-01 -4.03238E-06 -5.39926E-01
3.79999E+00 -6.10000E-01 -4.45353E-06 -5.34933E-01
3.89999E+00 -6.05000E-01 -5.05011E-06 -5.29949E-01
3.99999E+00 -6.00001E-01 -5.25961E-06 -5.24935E-01
4.09999E+00 -5.95001E-01 -5.14196E-06 -5.19924E-01
4.19999E+00 -5.90001E-01 -4.82749E-06 -5.14958E-01
4.29999E+00 -5.85001E-01 -4.72524E-06 -5.09934E-01
4.39999E+00 -5.80001E-01 -4.60499E-06 -5.04944E-01
4.49999E+00 -5.75001E-01 -4.68155E-06 -4.99900E-01
4.59999E+00 -5.70001E-01 -4.90939E-06 -4.94907E-01
4.69999E+00 -5.65001E-01 -4.86410E-06 -4.89898E-01
4.79999E+00 -5.60001E-01 -4.58940E-06 -4.84889E-01
4.89999E+00 -5.55001E-01 -4.55333E-06 -4.79885E-01
4.99999E+00 -5.50001E-01 -4.55318E-06 -4.74895E-01
5.09999E+00 -5.45001E-01 -4.50262E-06 -4.69873E-01
5.19999E+00 -5.40001E-01 -4.71084E-06 -4.64857E-01
5.29999E+00 -5.35001E-01 -4.85740E-06 -4.59878E-01
5.39999E+00 -5.30001E-01 -4.47467E-06 -4.54886E-01
5.49999E+00 -5.25001E-01 -4.50894E-06 -4.49846E-01
5.59999E+00 -5.20001E-01 -4.59082E-06 -4.44867E-01
5.69999E+00 -5.15001E-01 -4.88725E-06 -4.39876E-01
5.79999E+00 -5.10001E-01 -4.98962E-06 -4.34891E-01
5.89999E+00 -5.05001E-01 -4.69827E-06 -4.29859E-01
5.99998E+00 -5.00001E-01 -4.51964E-06 -4.24847E-01
6.09998E+00 -4.95001E-01 -4.46992E-06 -4.19845E-01
6.19998E+00 -4.90001E-01 -3.77239E-06 -4.14847E-01
6.29998E+00 -4.85001E-01 -3.01203E-06 -4.09849E-01
6.39998E+00 -4.80001E-01 -3.30973E-06 -4.04862E-01
6.49998E+00 -4.75001E-01 -4.12363E-06 -3.99828E-01
6.59998E+00 -4.70001E-01 -3.82705E-06 -3.94848E-01
6.69998E+00 -4.65001E-01 -4.19819E-06 -3.89862E-01
6.79998E+00 -4.60001E-01 -4.75726E-06 -3.84841E-01
6.89998E+00 -4.55001E-01 -4.81143E-06 -3.79851E-01
6.99998E+00 -4.50001E-01 -4.62577E-06 -3.74861E-01
7.09998E+00 -4.45001E-01 -4.92179E-06 -3.69846E-01
7.19998E+00 -4.40001E-01 -3.85649E-06 -3.64859E-01
7.29998E+00 -4.35001E-01 -4.35419E-06 -3.59861E-01
7.39998E+00 -4.30001E-01 -2.49887E-06 -3.54857E-01
7.49998E+00 -4.25001E-01 -2.66661E-06 -3.49849E-01
7.59998E+00 -4.20001E-01 -2.44192E-06 -3.44849E-01
7.69998E+00 -4.15001E-01 -1.50661E-06 -3.39842E-01
7.79998E+00 -4.10001E-01 -1.56372E-06 -3.34837E-01
7.89998E+00 -4.05001E-01 -8.48003E-07 -3.29850E-01
7.99998E+00 -4.00001E-01 -5.37573E-07 -3.24832E-01
8.09998E+00 -3.95001E-01 -5.11499E-07 -3.19811E-01
8.19998E+00 -3.90001E-01 -4.85177E-07 -3.14796E-01
8.29998E+00 -3.85001E-01 -8.44763E-07 -3.09805E-01
8.39998E+00 -3.80001E-01 -1.00303E-06 -3.04798E-01
8.49998E+00 -3.75001E-01 -9.89503E-07 -2.99800E-01
8.59998E+00 -3.70001E-01 -8.68481E-07 -2.94797E-01
8.69998E+00 -3.65001E-01 -7.77050E-07 -2.89795E-01
8.79998E+00 -3.60001E-01 -9.75739E-07 -2.84798E-01
8.89998E+00 -3.55001E-01 -1.41958E-06 -2.79791E-01
8.99998E+00 -3.50001E-01 -1.32948E-06 -2.74758E-01
9.09998E+00 -3.45001E-01 -1.30105E-06 -2.69767E-01
9.19998E+00 -3.40001E-01 -1.35993E-06 -2.64790E-01
9.29998E+00 -3.35001E-01 -1.36529E-06 -2.59785E-01
9.39998E+00 -3.30001E-01 -1.30973E-06 -2.54779E-01
9.49998E+00 -3.25001E-01 -1.36096E-06 -2.49754E-01
9.59998E+00 -3.20001E-01 -1.59528E-06 -2.44755E-01
9.69998E+00 -3.15001E-01 7.90024E-07  -2.39748E-01
9.79998E+00 -3.10001E-01 -5.98094E-08 -2.34763E-01
9.89998E+00 -3.05001E-01 -1.27382E-07 -2.29747E-01
9.99997E+00 -3.00001E-01 -1.67542E-07 -2.24752E-01
1.01000E+01 -2.95001E-01 -9.76980E-08 -2.19755E-01
1.02000E+01 -2.90001E-01 -6.89964E-08 -2.14740E-01
1.03000E+01 -2.85001E-01 -1.28045E-08 -2.09731E-01
1.04000E+01 -2.80001E-01 5.84787E-08  -2.04745E-01
1.05000E+01 -2.75001E-01 1.09079E-07  -1.99760E-01
1.06000E+01 -2.70001E-01 1.57090E-07  -1.94752E-01
1.07000E+01 -2.65001E-01 2.01887E-07  -1.89738E-01
1.08000E+01 -2.60001E-01 2.45487E-07  -1.84741E-01
1.09000E+01 -2.55001E-01 2.85581E-07  -1.79737E-01
1.10000E+01 -2.50001E-01 3.45859E-07  -1.74722E-01
1.11000E+01 -2.45001E-01 4.04004E-07  -1.69701E-01
1.12000E+01 -2.40001E-01 4.52222E-07  -1.64704E-01
1.13000E+01 -2.35001E-01 4.81441E-07  -1.59695E-01
1.14000E+01 -2.30001E-01 2.24711E-07  -1.54699E-01
1.15000E+01 -2.25001E-01 -3.71781E-07 -1.49698E-01
1.16000E+01 -2.20001E-01 -2.05041E-08 -1.44709E-01
1.17000E+01 -2.15001E-01 1.85283E-07  -1.39690E-01
1.18000E+01 -2.10001E-01 3.21653E-07  -1.34682E-01
1.19000E+01 -2.05001E-01 4.30341E-07  -1.29677E-01
1.20000E+01 -2.00002E-01 5.14463E-07  -1.24691E-01
1.21000E+01 -1.95002E-01 5.95309E-07  -1.19695E-01
1.22000E+01 -1.90002E-01 6.74217E-07  -1.14686E-01
1.23000E+01 -1.85002E-01 7.53497E-07  -1.09670E-01
1.24000E+01 -1.80002E-01 8.21580E-07  -1.04694E-01
1.25000E+01 -1.75002E-01 8.90130E-07  -9.97104E-02
1.26000E+01 -1.70002E-01 9.54992E-07  -9.47045E-02
1.27000E+01 -1.65002E-01 1.02254E-06  -8.96885E-02
1.28000E+01 -1.60002E-01 1.08225E-06  -8.47032E-02
1.29000E+01 -1.55002E-01 1.15136E-06  -7.96954E-02
1.30000E+01 -1.50002E-01 1.21396E-06  -7.46877E-02
1.31000E+01 -1.45002E-01 1.27574E-06  -6.96711E-02
1.32000E+01 -1.40002E-01 1.33167E-06  -6.46658E-02
1.33000E+01 -1.35002E-01 1.38766E-06  -5.96887E-02
1.34000E+01 -1.30002E-01 1.45081E-06  -5.46590E-02
1.35000E+01 -1.25002E-01 1.51511E-06  -4.96462E-02
1.36000E+01 -1.20002E-01 1.57049E-06  -4.46472E-02
1.37000E+01 -1.15002E-01 1.62375E-06  -3.96544E-02
1.38000E+01 -1.10002E-01 1.68070E-06  -3.46541E-02
1.39000E+01 -1.05002E-01 1.73885E-06  -2.96400E-02
1.40000E+01 -1.00002E-01 1.79760E-06  -2.46335E-02
1.41000E+01 -9.50018E-02 1.85361E-06  -1.96776E-02
1.42000E+01 -9.00018E-02 1.91003E-06  -1.46623E-02
1.43000E+01 -8.50018E-02 1.96170E-06  -9.63326E-03
1.44000E+01 -8.00018E-02 2.01639E-06  -4.62298E-03
1.45000E+01 -7.50018E-02 2.07575E-06  3.80453E-04 
1.46000E+01 -7.00018E-02 2.13678E-06  5.35265E-03 
1.47000E+01 -6.50018E-02 2.18827E-06  1.03804E-02 
1.48000E+01 -6.00019E-02 2.24735E-06  1.53514E-02 
1.49000E+01 -5.50019E-02 2.30697E-06  2.04104E-02 
1.50000E+01 -5.00019E-02 2.36218E-06  2.53719E-02 
1.51000E+01 -4.50019E-02 2.41483E-06  3.03860E-02 
1.52000E+01 -4.00019E-02 2.47030E-06  3.54012E-02 
1.53000E+01 -3.50019E-02 2.52456E-06  4.04097E-02 
1.54000E+01 -3.00019E-02 2.57906E-06  4.53788E-02 
1.55000E+01 -2.50019E-02 2.64358E-06  5.03984E-02 
1.56000E+01 -2.00020E-02 2.70889E-06  5.53937E-02 
1.57000E+01 -1.50020E-02 2.76117E-06  6.04084E-02 
1.58000E+01 -1.00020E-02 2.81111E-06  6.53918E-02 
1.59000E+01 -5.00199E-03 2.87377E-06  7.04264E-02 
1.60000E+01 -2.00000E-06 2.93399E-06  7.54298E-02 
1.61000E+01 4.99799E-03  3.05119E-06  8.04308E-02 
1.62000E+01 9.99797E-03  3.09843E-06  8.54173E-02 
1.63000E+01 1.49980E-02  3.15110E-06  9.04076E-02 
1.64000E+01 1.99979E-02  3.21195E-06  9.54248E-02 
1.65000E+01 2.49979E-02  3.26938E-06  1.00434E-01 
1.66000E+01 2.99979E-02  3.32975E-06  1.05460E-01 
1.67000E+01 3.49979E-02  3.39042E-06  1.10419E-01 
1.68000E+01 3.99979E-02  3.45386E-06  1.15421E-01 
1.69000E+01 4.49979E-02  3.51643E-06  1.20432E-01 
1.70000E+01 4.99979E-02  3.57863E-06  1.25425E-01 
1.71000E+01 5.49979E-02  3.64345E-06  1.30411E-01 
1.72000E+01 5.99978E-02  3.70836E-06  1.35426E-01 
1.73000E+01 6.49978E-02  3.77601E-06  1.40442E-01 
1.74000E+01 6.99978E-02  3.84396E-06  1.45450E-01 
1.75000E+01 7.49978E-02  3.91178E-06  1.50423E-01 
1.76000E+01 7.99978E-02  3.97970E-06  1.55485E-01 
1.77000E+01 8.49978E-02  4.04724E-06  1.60464E-01 
1.78000E+01 8.99978E-02  4.11866E-06  1.65480E-01 
1.79000E+01 9.49978E-02  4.19310E-06  1.70469E-01 
1.80000E+01 9.99977E-02  4.26807E-06  1.75459E-01 
1.81000E+01 1.04998E-01  4.34083E-06  1.80496E-01 
1.82000E+01 1.09998E-01  4.40175E-06  1.85460E-01 
1.83000E+01 1.14998E-01  4.43363E-06  1.90440E-01 
1.84000E+01 1.19998E-01  4.53645E-06  1.95462E-01 
1.85000E+01 1.24998E-01  4.69049E-06  2.00472E-01 
1.86000E+01 1.29998E-01  4.76152E-06  2.05469E-01 
1.87000E+01 1.34998E-01  4.83750E-06  2.10471E-01 
1.88000E+01 1.39998E-01  4.92389E-06  2.15489E-01 
1.89000E+01 1.44998E-01  4.96739E-06  2.20498E-01 
1.90000E+01 1.49998E-01  5.07873E-06  2.25473E-01 
1.91000E+01 1.54998E-01  5.17546E-06  2.30453E-01 
1.92000E+01 1.59998E-01  5.27388E-06  2.35516E-01 
1.93000E+01 1.64998E-01  5.36701E-06  2.40515E-01 
1.94000E+01 1.69998E-01  5.45207E-06  2.45517E-01 
1.95000E+01 1.74998E-01  5.54588E-06  2.50468E-01 
1.96000E+01 1.79998E-01  5.64449E-06  2.55525E-01 
1.97000E+01 1.84998E-01  5.74663E-06  2.60514E-01 
1.98000E+01 1.89998E-01  5.85968E-06  2.65512E-01 
1.99000E+01 1.94998E-01  5.96969E-06  2.70502E-01 
1.99999E+01 1.99997E-01  6.08592E-06  2.75510E-01 
2.00999E+01 2.04997E-01  6.20753E-06  2.80517E-01 
2.01999E+01 2.09997E-01  6.33627E-06  2.85527E-01 
2.02999E+01 2.14997E-01  6.47749E-06  2.90526E-01 
2.03999E+01 2.19997E-01  6.59056E-06  2.95520E-01 
2.04999E+01 2.24997E-01  6.70502E-06  3.00548E-01 
2.05999E+01 2.29997E-01  6.84270E-06  3.05540E-01 
2.06999E+01 2.34997E-01  7.01395E-06  3.10554E-01 
2.07999E+01 2.39997E-01  7.16597E-06  3.15544E-01 
2.08999E+01 2.44997E-01  7.27059E-06  3.20559E-01 
2.09999E+01 2.49997E-01  7.42289E-06  3.25554E-01 
2.10999E+01 2.54997E-01  7.57325E-06  3.30541E-01 
2.11999E+01 2.59997E-01  7.69318E-06  3.35579E-01 
2.12999E+01 2.64997E-01  7.82559E-06  3.40568E-01 
2.13999E+01 2.69997E-01  7.96932E-06  3.45554E-01 
2.14999E+01 2.74997E-01  8.11324E-06  3.50549E-01 
2.15999E+01 2.79997E-01  8.26567E-06  3.55566E-01 
2.16999E+01 2.84997E-01  8.41998E-06  3.60577E-01 
2.17999E+01 2.89997E-01  8.57707E-06  3.65554E-01 
2.18999E+01 2.94997E-01  8.73571E-06  3.70550E-01 
2.19999E+01 2.99997E-01  8.89683E-06  3.75577E-01 
2.20999E+01 3.04997E-01  9.05546E-06  3.80585E-01 
2.21999E+01 3.09997E-01  9.20879E-06  3.85566E-01 
2.22999E+01 3.14997E-01  9.35238E-06  3.90591E-01 
2.23999E+01 3.19997E-01  9.55034E-06  3.95583E-01 
2.24999E+01 3.24997E-01  9.71212E-06  4.00598E-01 
2.25999E+01 3.29997E-01  9.87413E-06  4.05565E-01 
2.26999E+01 3.34997E-01  1.00383E-05  4.10591E-01 
2.27999E+01 3.39997E-01  1.02025E-05  4.15582E-01 
2.28999E+01 3.44997E-01  1.03690E-05  4.20571E-01 
2.29999E+01 3.49997E-01  1.05327E-05  4.25597E-01 
2.30999E+01 3.54997E-01  1.06939E-05  4.30573E-01 
2.31999E+01 3.59997E-01  1.08558E-05  4.35619E-01 
2.32999E+01 3.64997E-01  1.10123E-05  4.40569E-01 
2.33999E+01 3.69997E-01  1.11770E-05  4.45585E-01 
2.34999E+01 3.74997E-01  1.13390E-05  4.50601E-01 
2.35999E+01 3.79997E-01  1.14900E-05  4.55616E-01 
2.36999E+01 3.84997E-01  1.16487E-05  4.60634E-01 
2.37999E+01 3.89997E-01  1.17905E-05  4.65621E-01 
2.38999E+01 3.94997E-01  1.19347E-05  4.70616E-01 
2.39999E+01 3.99997E-01  1.20887E-05  4.75607E-01 
2.40999E+01 4.04997E-01  1.22534E-05  4.80652E-01 
2.41999E+01 4.09997E-01  1.24115E-05  4.85638E-01 
2.42999E+01 4.14997E-01  1.25643E-05  4.90639E-01 
2.43999E+01 4.19997E-01  1.27219E-05  4.95643E-01 
2.44999E+01 4.24997E-01  1.28961E-05  5.00651E-01 
2.45999E+01 4.29997E-01  1.30283E-05  5.05658E-01 
2.46999E+01 4.34997E-01  1.31433E-05  5.10667E-01 
2.47999E+01 4.39997E-01  1.32549E-05  5.15669E-01 
2.48999E+01 4.44997E-01  1.34093E-05  5.20656E-01 
2.49999E+01 4.49997E-01  1.35627E-05  5.25646E-01 
2.50999E+01 4.54997E-01  1.37101E-05  5.30663E-01 
2.51999E+01 4.59997E-01  1.38577E-05  5.35677E-01 
2.52999E+01 4.64997E-01  1.40024E-05  5.40668E-01 
2.53999E+01 4.69997E-01  1.41436E-05  5.45665E-01 
2.54999E+01 4.74997E-01  1.42810E-05  5.50671E-01 
2.55999E+01 4.79997E-01  1.44156E-05  5.55687E-01 
2.56999E+01 4.84997E-01  1.45110E-05  5.60670E-01 
2.57999E+01 4.89997E-01  1.46506E-05  5.65651E-01 
2.58999E+01 4.94997E-01  1.47957E-05  5.70672E-01 
2.59999E+01 4.99997E-01  1.49356E-05  5.75681E-01 
2.60999E+01 5.04997E-01  1.50693E-05  5.80688E-01 
2.61999E+01 5.09997E-01  1.52032E-05  5.85688E-01 
2.62999E+01 5.14997E-01  1.53288E-05  5.90712E-01 
2.63999E+01 5.19997E-01  1.54637E-05  5.95717E-01 
2.64999E+01 5.24997E-01  1.55738E-05  6.00716E-01 
2.65999E+01 5.29997E-01  1.57082E-05  6.05706E-01 
2.66999E+01 5.34997E-01  1.58354E-05  6.10719E-01 
2.67999E+01 5.39997E-01  1.59647E-05  6.15712E-01 
2.68999E+01 5.44997E-01  1.60769E-05  6.20707E-01 
2.69999E+01 5.49997E-01  1.61946E-05  6.25725E-01 
2.70999E+01 5.54997E-01  1.63000E-05  6.30721E-01 
2.71999E+01 5.59997E-01  1.64233E-05  6.35743E-01 
2.72999E+01 5.64997E-01  1.65287E-05  6.40750E-01 
2.73999E+01 5.69997E-01  1.66450E-05  6.45745E-01 
2.74999E+01 5.74997E-01  1.67471E-05  6.50739E-01 
2.75999E+01 5.79997E-01  1.68532E-05  6.55762E-01 
2.76999E+01 5.84997E-01  1.69489E-05  6.60799E-01 
2.77999E+01 5.89997E-01  1.70497E-05  6.65776E-01 
2.78999E+01 5.94997E-01  1.71397E-05  6.70757E-01 
2.79999E+01 5.99996E-01  1.72344E-05  6.75752E-01 
2.80999E+01 6.04996E-01  1.73192E-05  6.80752E-01 
2.81999E+01 6.09996E-01  1.74062E-05  6.85759E-01 
2.82999E+01 6.14996E-01  1.74778E-05  6.90760E-01 
2.83999E+01 6.19996E-01  1.75576E-05  6.95766E-01 
2.84999E+01 6.24996E-01  1.76276E-05  7.00769E-01 
2.85999E+01 6.29996E-01  1.76952E-05  7.05747E-01 
2.86999E+01 6.34996E-01  1.77536E-05  7.10743E-01 
2.87999E+01 6.39996E-01  1.78592E-05  7.15770E-01 
2.88999E+01 6.44996E-01  1.79038E-05  7.20774E-01 
2.89999E+01 6.49996E-01  1.79516E-05  7.25774E-01 
2.90999E+01 6.54996E-01  1.79853E-05  7.30747E-01 
2.91999E+01 6.59996E-01  1.80193E-05  7.35768E-01 
2.92999E+01 6.64996E-01  1.80407E-05  7.40777E-01 
2.93999E+01 6.69996E-01  1.80633E-05  7.45779E-01 
2.94999E+01 6.74996E-01  1.80780E-05  7.50758E-01 
2.95999E+01 6.79996E-01  1.80895E-05  7.55780E-01 
2.96999E+01 6.84996E-01  1.81033E-05  7.60761E-01 
2.97999E+01 6.89996E-01  1.81170E-05  7.65801E-01 
2.98999E+01 6.94996E-01  1.81252E-05  7.70774E-01 
2.99999E+01 6.99996E-01  1.81422E-05  7.75779E-01 
3.00999E+01 7.04996E-01  1.81641E-05  7.80787E-01 
3.01999E+01 7.09996E-01  1.81907E-05  7.85810E-01 
3.02999E+01 7.14996E-01  1.82222E-05  7.90817E-01 
3.03999E+01 7.19996E-01  1.82572E-05  7.95843E-01 
3.04999E+01 7.24996E-01  1.82976E-05  8.00847E-01 
3.05999E+01 7.29996E-01  1.83458E-05  8.05818E-01 
3.06999E+01 7.34996E-01  1.84180E-05  8.10826E-01 
3.07999E+01 7.39996E-01  1.84806E-05  8.15853E-01 
3.08999E+01 7.44996E-01  1.85681E-05  8.20832E-01 
3.09999E+01 7.49996E-01  1.86894E-05  8.25819E-01 
3.10999E+01 7.54996E-01  1.87880E-05  8.30855E-01 
3.11999E+01 7.59996E-01  1.88636E-05  8.35856E-01 
3.12999E+01 7.64996E-01  1.90020E-05  8.40840E-01 
3.13999E+01 7.69996E-01  1.91768E-05  8.45838E-01 
3.14999E+01 7.74996E-01  1.93654E-05  8.50832E-01 
3.15999E+01 7.79996E-01  1.94782E-05  8.55824E-01 
3.16999E+01 7.84996E-01  1.96166E-05  8.60836E-01 
3.17999E+01 7.89996E-01  1.98336E-05  8.65841E-01 
3.18999E+01 7.94996E-01  2.01294E-05  8.70858E-01 
3.19999E+01 7.99996E-01  2.02654E-05  8.75849E-01 
3.20999E+01 8.04996E-01  2.04217E-05  8.80863E-01 
3.21999E+01 8.09996E-01  2.05941E-05  8.85864E-01 
3.22999E+01 8.14996E-01  2.08087E-05  8.90866E-01 
3.23999E+01 8.19996E-01  2.10301E-05  8.95906E-01 
3.24999E+01 8.24996E-01  2.12891E-05  9.00886E-01 
3.25999E+01 8.29996E-01  2.16466E-05  9.05855E-01 
3.26999E+01 8.34996E-01  2.19168E-05  9.10879E-01 
3.27999E+01 8.39996E-01  2.21813E-05  9.15895E-01 
3.28999E+01 8.44996E-01  2.24510E-05  9.20873E-01 
3.29999E+01 8.49996E-01  2.27505E-05  9.25867E-01 
3.30999E+01 8.54996E-01  2.30594E-05  9.30878E-01 
3.31999E+01 8.59996E-01  2.33866E-05  9.35872E-01 
3.32999E+01 8.64996E-01  2.37348E-05  9.40907E-01 
3.33999E+01 8.69996E-01  2.41029E-05  9.45907E-01 
3.34999E+01 8.74996E-01  2.44866E-05  9.50905E-01 
3.35999E+01 8.79996E-01  2.48990E-05  9.55900E-01 
3.36999E+01 8.84996E-01  2.52951E-05  9.60869E-01 
3.37999E+01 8.89996E-01  2.56773E-05  9.65898E-01 
3.38999E+01 8.94996E-01  2.60924E-05  9.70929E-01 
3.39999E+01 8.99996E-01  2.64561E-05  9.75917E-01 
3.40999E+01 9.04996E-01  2.68161E-05  9.80915E-01 
3.41999E+01 9.09996E-01  2.71564E-05  9.85895E-01 
3.42999E+01 9.14996E-01  2.75013E-05  9.90937E-01 
3.43999E+01 9.19996E-01  2.78227E-05  9.95933E-01 
3.44999E+01 9.24996E-01  2.81667E-05  1.00091E+00 
3.45999E+01 9.29996E-01  2.84983E-05  1.00593E+00 
3.46999E+01 9.34996E-01  2.88567E-05  1.01097E+00 
3.47999E+01 9.39996E-01  2.91732E-05  1.01592E+00 
3.48999E+01 9.44996E-01  2.94583E-05  1.02091E+00 
3.49999E+01 9.49996E-01  2.97643E-05  1.02592E+00 
3.50999E+01 9.54996E-01  3.00999E-05  1.03093E+00 
3.51999E+01 9.59996E-01  3.05664E-05  1.03592E+00 
3.52999E+01 9.64996E-01  3.08828E-05  1.04089E+00 
3.53999E+01 9.69996E-01  3.12175E-05  1.04593E+00 
3.54999E+01 9.74996E-01  3.15512E-05  1.05094E+00 
3.55999E+01 9.79996E-01  3.18684E-05  1.05593E+00 
3.56999E+01 9.84996E-01  3.26030E-05  1.06095E+00 
3.57999E+01 9.89996E-01  3.26995E-05  1.06596E+00 
3.58999E+01 9.94996E-01  3.31241E-05  1.07096E+00 
3.59999E+01 9.99995E-01  3.34119E-05  1.07596E+00 
3.60999E+01 1.00500E+00  3.43458E-05  1.08096E+00 
3.61999E+01 1.01000E+00  3.50696E-05  1.08597E+00 
3.62999E+01 1.01500E+00  3.54538E-05  1.09097E+00 
3.63999E+01 1.02000E+00  3.60343E-05  1.09598E+00 
3.64999E+01 1.02500E+00  3.66712E-05  1.10098E+00 
3.65999E+01 1.03000E+00  3.74064E-05  1.10598E+00 
3.66999E+01 1.03500E+00  3.81364E-05  1.11098E+00 
3.67999E+01 1.04000E+00  3.89182E-05  1.11600E+00 
3.68999E+01 1.04500E+00  3.96185E-05  1.12099E+00 
3.69999E+01 1.05000E+00  4.02646E-05  1.12602E+00 
3.70999E+01 1.05500E+00  4.09320E-05  1.13101E+00 
3.71999E+01 1.06000E+00  4.16759E-05  1.13603E+00 
3.72999E+01 1.06500E+00  4.22288E-05  1.14103E+00 
3.73999E+01 1.07000E+00  4.27116E-05  1.14603E+00 
3.74999E+01 1.07500E+00  4.31399E-05  1.15101E+00 
3.75999E+01 1.08000E+00  4.36600E-05  1.15600E+00 
3.76999E+01 1.08500E+00  4.42026E-05  1.16106E+00 
3.77999E+01 1.09000E+00  4.48958E-05  1.16605E+00 
3.78999E+01 1.09500E+00  4.55483E-05  1.17105E+00 
3.79999E+01 1.10000E+00  4.62914E-05  1.17603E+00 
3.80999E+01 1.10500E+00  4.70009E-05  1.18102E+00 
3.81999E+01 1.11000E+00  4.74224E-05  1.18603E+00 
3.82999E+01 1.11500E+00  4.80667E-05  1.19104E+00 
3.83999E+01 1.12000E+00  4.81113E-05  1.19601E+00 
3.84999E+01 1.12500E+00  4.85316E-05  1.20104E+00 
3.85999E+01 1.13000E+00  4.93046E-05  1.20604E+00 
3.86999E+01 1.13500E+00  5.00681E-05  1.21102E+00 
3.87999E+01 1.14000E+00  5.08657E-05  1.21604E+00 
3.88999E+01 1.14500E+00  5.15700E-05  1.22105E+00 
3.89999E+01 1.15000E+00  5.22706E-05  1.22605E+00 
3.90999E+01 1.15500E+00  5.30862E-05  1.23104E+00 
3.91999E+01 1.16000E+00  5.39646E-05  1.23604E+00 
3.92999E+01 1.16500E+00  5.48085E-05  1.24104E+00 
3.93999E+01 1.17000E+00  5.56938E-05  1.24605E+00 
3.94999E+01 1.17500E+00  5.65542E-05  1.25108E+00 
3.95999E+01 1.18000E+00  5.74460E-05  1.25606E+00 
3.96999E+01 1.18500E+00  5.83439E-05  1.26106E+00 
3.97999E+01 1.19000E+00  5.91983E-05  1.26604E+00 
3.98999E+01 1.19500E+00  6.00597E-05  1.27110E+00 
3.99999E+01 1.19999E+00  6.09764E-05  1.27608E+00 
4.00999E+01 1.20499E+00  6.18971E-05  1.28107E+00 
4.01999E+01 1.20999E+00  6.28510E-05  1.28607E+00 
4.02999E+01 1.21499E+00  6.41204E-05  1.29108E+00 
4.03999E+01 1.21999E+00  6.48125E-05  1.29609E+00 
4.04999E+01 1.22499E+00  6.57227E-05  1.30110E+00 
4.05999E+01 1.22999E+00  6.67163E-05  1.30607E+00 
4.06999E+01 1.23499E+00  6.77177E-05  1.31111E+00 
4.07999E+01 1.23999E+00  6.87349E-05  1.31612E+00 
4.08999E+01 1.24499E+00  6.97825E-05  1.32108E+00 
4.09999E+01 1.24999E+00  7.07507E-05  1.32610E+00 
4.10999E+01 1.25499E+00  7.17635E-05  1.33108E+00 
4.11999E+01 1.25999E+00  7.27836E-05  1.33611E+00 
4.12999E+01 1.26499E+00  7.38640E-05  1.34111E+00 
4.13999E+01 1.26999E+00  7.49302E-05  1.34608E+00 
4.14999E+01 1.27499E+00  7.60058E-05  1.35108E+00 
4.15999E+01 1.27999E+00  7.71090E-05  1.35611E+00 
4.16999E+01 1.28499E+00  7.82224E-05  1.36109E+00 
4.17999E+01 1.28999E+00  7.93466E-05  1.36609E+00 
4.18999E+01 1.29499E+00  8.05496E-05  1.37110E+00 
4.19999E+01 1.29999E+00  8.17360E-05  1.37612E+00 
4.20999E+01 1.30499E+00  8.29460E-05  1.38111E+00 
4.21999E+01 1.30999E+00  8.41440E-05  1.38612E+00 
4.22999E+01 1.31499E+00  8.53870E-05  1.39111E+00 
4.23999E+01 1.31999E+00  8.66589E-05  1.39613E+00 
4.24999E+01 1.32499E+00  8.80009E-05  1.40115E+00 
4.25999E+01 1.32999E+00  8.93838E-05  1.40614E+00 
4.26999E+01 1.33499E+00  9.08332E-05  1.41111E+00 
4.27999E+01 1.33999E+00  9.23454E-05  1.41615E+00 
4.28999E+01 1.34499E+00  9.38214E-05  1.42115E+00 
4.29999E+01 1.34999E+00  9.54280E-05  1.42617E+00 
4.30999E+01 1.35499E+00  9.69965E-05  1.43117E+00 
4.31999E+01 1.35999E+00  9.86829E-05  1.43617E+00 
4.32999E+01 1.36499E+00  1.00399E-04  1.44118E+00 
4.33999E+01 1.36999E+00  1.02104E-04  1.44617E+00 
4.34999E+01 1.37499E+00  1.03896E-04  1.45121E+00 
4.35999E+01 1.37999E+00  1.05837E-04  1.45620E+00 
4.36999E+01 1.38499E+00  1.07576E-04  1.46120E+00 
4.37999E+01 1.38999E+00  1.09549E-04  1.46620E+00 
4.38999E+01 1.39499E+00  1.11399E-04  1.47121E+00 
4.39999E+01 1.39999E+00  1.13125E-04  1.47621E+00 
4.40999E+01 1.40499E+00  1.14984E-04  1.48120E+00 
4.41999E+01 1.40999E+00  1.16895E-04  1.48621E+00 
4.42999E+01 1.41499E+00  1.18862E-04  1.49120E+00 
4.43999E+01 1.41999E+00  1.20875E-04  1.49623E+00 
4.44999E+01 1.42499E+00  1.22755E-04  1.50121E+00 
4.45999E+01 1.42999E+00  1.24706E-04  1.50620E+00 
4.46999E+01 1.43499E+00  1.26850E-04  1.51122E+00 
4.47999E+01 1.43999E+00  1.29074E-04  1.51622E+00 
4.48999E+01 1.44499E+00  1.30602E-04  1.52122E+00 
4.49999E+01 1.44999E+00  1.32091E-04  1.52621E+00 
4.50999E+01 1.45499E+00  1.34321E-04  1.53122E+00 
4.51999E+01 1.45999E+00  1.37714E-04  1.53624E+00 
4.52999E+01 1.46499E+00  1.39507E-04  1.54122E+00 
4.53999E+01 1.46999E+00  1.41520E-04  1.54621E+00 
4.54999E+01 1.47499E+00  1.44147E-04  1.55121E+00 
4.55999E+01 1.47999E+00  1.47143E-04  1.55622E+00 
4.56999E+01 1.48499E+00  1.49559E-04  1.56123E+00 
4.57999E+01 1.48999E+00  1.52070E-04  1.56622E+00 
4.58999E+01 1.49499E+00  1.53877E-04  1.57123E+00 
4.59999E+01 1.49999E+00  1.56082E-04  1.57625E+00 
4.60999E+01 1.50499E+00  1.58784E-04  1.58124E+00 
4.61999E+01 1.50999E+00  1.62028E-04  1.58622E+00 
4.62999E+01 1.51499E+00  1.64881E-04  1.59125E+00 
4.63999E+01 1.51999E+00  1.68100E-04  1.59624E+00 
4.64999E+01 1.52499E+00  1.72648E-04  1.60126E+00 
4.65999E+01 1.52999E+00  1.75697E-04  1.60624E+00 
4.66999E+01 1.53499E+00  1.78867E-04  1.61125E+00 
4.67999E+01 1.53999E+00  1.82097E-04  1.61626E+00 
4.68999E+01 1.54499E+00  1.85695E-04  1.62126E+00 
4.69999E+01 1.54999E+00  1.88594E-04  1.62628E+00 
4.70999E+01 1.55499E+00  1.92097E-04  1.63127E+00 
4.71999E+01 1.55999E+00  1.95568E-04  1.63628E+00 
4.72999E+01 1.56499E+00  1.99055E-04  1.64126E+00 
4.73999E+01 1.56999E+00  2.02869E-04  1.64629E+00 
4.74999E+01 1.57499E+00  2.06918E-04  1.65128E+00 
4.75999E+01 1.57999E+00  2.11066E-04  1.65629E+00 
4.76999E+01 1.58499E+00  2.16001E-04  1.66126E+00 
4.77999E+01 1.58999E+00  2.20421E-04  1.66630E+00 
4.78999E+01 1.59499E+00  2.24320E-04  1.67130E+00 
4.79999E+01 1.59999E+00  2.28226E-04  1.67629E+00 
4.80999E+01 1.60499E+00  2.32148E-04  1.68128E+00 
4.81999E+01 1.60999E+00  2.36045E-04  1.68630E+00 
4.82999E+01 1.61499E+00  2.39674E-04  1.69133E+00 
4.83999E+01 1.61999E+00  2.42904E-04  1.69630E+00 
4.84999E+01 1.62499E+00  2.46324E-04  1.70130E+00 
4.85999E+01 1.62999E+00  2.50192E-04  1.70632E+00 
4.86999E+01 1.63499E+00  2.53871E-04  1.71132E+00 
4.87999E+01 1.63999E+00  2.57554E-04  1.71632E+00 
4.88999E+01 1.64499E+00  2.61625E-04  1.72133E+00 
4.89999E+01 1.64999E+00  2.65794E-04  1.72632E+00 
4.90999E+01 1.65499E+00  2.69921E-04  1.73133E+00 
4.91999E+01 1.65999E+00  2.74000E-04  1.73634E+00 
4.92999E+01 1.66499E+00  2.78093E-04  1.74133E+00 
4.93999E+01 1.66999E+00  2.81937E-04  1.74635E+00 
4.94999E+01 1.67499E+00  2.85658E-04  1.75136E+00 
4.95999E+01 1.67999E+00  2.89420E-04  1.75636E+00 
4.96999E+01 1.68499E+00  2.93196E-04  1.76137E+00 
4.97999E+01 1.68999E+00  2.96908E-04  1.76638E+00 
4.98999E+01 1.69499E+00  3.00636E-04  1.77138E+00 
4.99999E+01 1.69999E+00  3.04376E-04  1.77639E+00 
5.00999E+01 1.70499E+00  3.07976E-04  1.78137E+00 
5.01999E+01 1.70999E+00  3.11588E-04  1.78640E+00 
5.02999E+01 1.71499E+00  3.15176E-04  1.79136E+00 
5.03999E+01 1.71999E+00  3.18637E-04  1.79637E+00 
5.04999E+01 1.72499E+00  3.21987E-04  1.80140E+00 
5.05999E+01 1.72999E+00  3.25322E-04  1.80640E+00 
5.06999E+01 1.73499E+00  3.28706E-04  1.81141E+00 
5.07999E+01 1.73999E+00  3.32002E-04  1.81640E+00 
5.08999E+01 1.74499E+00  3.35200E-04  1.82140E+00 
5.09999E+01 1.74999E+00  3.38367E-04  1.82641E+00 
5.10999E+01 1.75499E+00  3.41532E-04  1.83139E+00 
5.11999E+01 1.75999E+00  3.44531E-04  1.83639E+00 
5.12999E+01 1.76499E+00  3.47402E-04  1.84140E+00 
5.13999E+01 1.76999E+00  3.50454E-04  1.84643E+00 
5.14999E+01 1.77499E+00  3.53491E-04  1.85143E+00 
5.15999E+01 1.77999E+00  3.56281E-04  1.85641E+00 
5.16999E+01 1.78499E+00  3.59203E-04  1.86140E+00 
5.17999E+01 1.78999E+00  3.62082E-04  1.86640E+00 
5.18999E+01 1.79499E+00  3.64947E-04  1.87140E+00 
5.19999E+01 1.79999E+00  3.67741E-04  1.87640E+00 
5.20999E+01 1.79499E+00  3.59769E-04  1.87143E+00 
5.21999E+01 1.78999E+00  3.52185E-04  1.86642E+00 
5.22999E+01 1.78499E+00  3.44757E-04  1.86141E+00 
5.23999E+01 1.77999E+00  3.37483E-04  1.85640E+00 
5.24999E+01 1.77499E+00  3.30451E-04  1.85140E+00 
5.25999E+01 1.76999E+00  3.23710E-04  1.84642E+00 
5.26999E+01 1.76499E+00  3.17210E-04  1.84143E+00 
5.27999E+01 1.75999E+00  3.10767E-04  1.83642E+00 
5.28999E+01 1.75499E+00  3.04395E-04  1.83138E+00 
5.29999E+01 1.74999E+00  2.98165E-04  1.82641E+00 
5.30999E+01 1.74499E+00  2.91908E-04  1.82141E+00 
5.31999E+01 1.73999E+00  2.85775E-04  1.81638E+00 
5.32999E+01 1.73499E+00  2.79771E-04  1.81139E+00 
5.33999E+01 1.72999E+00  2.74036E-04  1.80640E+00 
5.34999E+01 1.72499E+00  2.68432E-04  1.80139E+00 
5.35999E+01 1.71999E+00  2.62879E-04  1.79638E+00 
5.36999E+01 1.71499E+00  2.57452E-04  1.79137E+00 
5.37999E+01 1.70999E+00  2.52098E-04  1.78641E+00 
5.38999E+01 1.70499E+00  2.46823E-04  1.78139E+00 
5.39999E+01 1.69999E+00  2.41627E-04  1.77637E+00 
5.40999E+01 1.69499E+00  2.36479E-04  1.77138E+00 
5.41999E+01 1.68999E+00  2.31471E-04  1.76639E+00 
5.42999E+01 1.68499E+00  2.26552E-04  1.76137E+00 
5.43999E+01 1.67999E+00  2.21887E-04  1.75637E+00 
5.44999E+01 1.67499E+00  2.17103E-04  1.75134E+00 
5.45999E+01 1.66999E+00  2.12469E-04  1.74637E+00 
5.46999E+01 1.66499E+00  2.07830E-04  1.74134E+00 
5.47999E+01 1.65999E+00  2.03306E-04  1.73633E+00 
5.48999E+01 1.65499E+00  1.98866E-04  1.73134E+00 
5.49999E+01 1.64999E+00  1.94449E-04  1.72632E+00 
5.50999E+01 1.64499E+00  1.90114E-04  1.72131E+00 
5.51999E+01 1.63999E+00  1.85911E-04  1.71633E+00 
5.52999E+01 1.63499E+00  1.81744E-04  1.71132E+00 
5.53999E+01 1.62999E+00  1.77590E-04  1.70629E+00 
5.54999E+01 1.62499E+00  1.73495E-04  1.70130E+00 
5.55999E+01 1.61999E+00  1.69458E-04  1.69632E+00 
5.56999E+01 1.61499E+00  1.65596E-04  1.69133E+00 
5.57999E+01 1.60999E+00  1.61737E-04  1.68631E+00 
5.58999E+01 1.60499E+00  1.57974E-04  1.68129E+00 
5.59999E+01 1.59999E+00  1.54286E-04  1.67629E+00 
5.60999E+01 1.59499E+00  1.50424E-04  1.67129E+00 
5.61999E+01 1.58999E+00  1.46737E-04  1.66629E+00 
5.62999E+01 1.58499E+00  1.43154E-04  1.66128E+00 
5.63999E+01 1.57999E+00  1.39638E-04  1.65628E+00 
5.64999E+01 1.57499E+00  1.36217E-04  1.65129E+00 
5.65999E+01 1.56999E+00  1.32845E-04  1.64628E+00 
5.66999E+01 1.56499E+00  1.29509E-04  1.64129E+00 
5.67999E+01 1.55999E+00  1.26245E-04  1.63627E+00 
5.68999E+01 1.55499E+00  1.22992E-04  1.63126E+00 
5.69999E+01 1.54999E+00  1.19825E-04  1.62628E+00 
5.70999E+01 1.54499E+00  1.16609E-04  1.62128E+00 
5.71999E+01 1.53999E+00  1.13358E-04  1.61628E+00 
5.72999E+01 1.53499E+00  1.10199E-04  1.61128E+00 
5.73999E+01 1.52999E+00  1.07143E-04  1.60628E+00 
5.74999E+01 1.52499E+00  1.04064E-04  1.60126E+00 
5.75999E+01 1.51999E+00  1.01084E-04  1.59625E+00 
5.76999E+01 1.51499E+00  9.88174E-05  1.59123E+00 
5.77999E+01 1.50999E+00  9.52686E-05  1.58624E+00 
5.78999E+01 1.50499E+00  9.24634E-05  1.58122E+00 
5.79999E+01 1.49999E+00  8.97005E-05  1.57623E+00 
5.80999E+01 1.49499E+00  8.71084E-05  1.57123E+00 
5.81999E+01 1.48999E+00  8.43369E-05  1.56621E+00 
5.82999E+01 1.48499E+00  8.16214E-05  1.56122E+00 
5.83999E+01 1.47999E+00  7.91203E-05  1.55622E+00 
5.84999E+01 1.47499E+00  7.68541E-05  1.55121E+00 
5.85999E+01 1.46999E+00  7.43322E-05  1.54620E+00 
5.86999E+01 1.46499E+00  7.18831E-05  1.54121E+00 
5.87999E+01 1.45999E+00  6.95449E-05  1.53624E+00 
5.88999E+01 1.45499E+00  6.71762E-05  1.53122E+00 
5.89999E+01 1.44999E+00  6.50524E-05  1.52621E+00 
5.90999E+01 1.44499E+00  6.28486E-05  1.52121E+00 
5.91999E+01 1.43999E+00  6.07677E-05  1.51624E+00 
5.92999E+01 1.43499E+00  5.85887E-05  1.51121E+00 
5.93999E+01 1.42999E+00  5.65478E-05  1.50619E+00 
5.94999E+01 1.42499E+00  5.46389E-05  1.50119E+00 
5.95999E+01 1.41999E+00  5.27584E-05  1.49623E+00 
5.96999E+01 1.41499E+00  5.07910E-05  1.49121E+00 
5.97999E+01 1.40999E+00  4.88743E-05  1.48617E+00 
5.98999E+01 1.40499E+00  4.70094E-05  1.48118E+00 
5.99998E+01 1.39999E+00  4.52561E-05  1.47622E+00 
6.00998E+01 1.39499E+00  4.35968E-05  1.47123E+00 
6.01998E+01 1.38999E+00  4.18432E-05  1.46620E+00 
6.02998E+01 1.38499E+00  4.02294E-05  1.46119E+00 
6.03998E+01 1.37999E+00  3.86425E-05  1.45621E+00 
6.04998E+01 1.37499E+00  3.71156E-05  1.45122E+00 
6.05998E+01 1.36999E+00  3.54967E-05  1.44619E+00 
6.06998E+01 1.36499E+00  3.34578E-05  1.44122E+00 
6.07998E+01 1.35999E+00  3.19620E-05  1.43621E+00 
6.08998E+01 1.35499E+00  3.04711E-05  1.43121E+00 
6.09998E+01 1.34999E+00  2.92801E-05  1.42618E+00 
6.10998E+01 1.34499E+00  2.79100E-05  1.42118E+00 
6.11998E+01 1.33999E+00  2.68211E-05  1.41619E+00 
6.12998E+01 1.33499E+00  2.57676E-05  1.41116E+00 
6.13998E+01 1.32999E+00  2.46799E-05  1.40614E+00 
6.14998E+01 1.32499E+00  2.35793E-05  1.40114E+00 
6.15998E+01 1.31999E+00  2.24702E-05  1.39618E+00 
6.16998E+01 1.31499E+00  2.14544E-05  1.39114E+00 
6.17998E+01 1.30999E+00  2.05858E-05  1.38616E+00 
6.18998E+01 1.30499E+00  1.99347E-05  1.38116E+00 
6.19998E+01 1.29999E+00  1.83599E-05  1.37614E+00 
6.20998E+01 1.29499E+00  1.76533E-05  1.37113E+00 
6.21998E+01 1.28999E+00  1.72094E-05  1.36612E+00 
6.22998E+01 1.28499E+00  1.66458E-05  1.36114E+00 
6.23998E+01 1.27999E+00  1.62769E-05  1.35613E+00 
6.24998E+01 1.27499E+00  1.58379E-05  1.35112E+00 
6.25998E+01 1.26999E+00  1.53532E-05  1.34610E+00 
6.26998E+01 1.26499E+00  1.51858E-05  1.34110E+00 
6.27998E+01 1.25999E+00  1.49103E-05  1.33612E+00 
6.28998E+01 1.25499E+00  1.47224E-05  1.33114E+00 
6.29998E+01 1.24999E+00  1.44318E-05  1.32609E+00 
6.30998E+01 1.24499E+00  1.40863E-05  1.32110E+00 
6.31998E+01 1.23999E+00  1.37131E-05  1.31614E+00 
6.32998E+01 1.23499E+00  1.33124E-05  1.31109E+00 
6.33998E+01 1.22999E+00  1.34958E-05  1.30610E+00 
6.34998E+01 1.22499E+00  1.30613E-05  1.30110E+00 
6.35998E+01 1.21999E+00  1.27810E-05  1.29614E+00 
6.36998E+01 1.21499E+00  1.28672E-05  1.29110E+00 
6.37998E+01 1.20999E+00  1.22833E-05  1.28609E+00 
6.38998E+01 1.20499E+00  1.19483E-05  1.28109E+00 
6.39998E+01 1.19999E+00  1.16119E-05  1.27612E+00 
6.40998E+01 1.19500E+00  1.12602E-05  1.27107E+00 
6.41998E+01 1.19000E+00  1.10398E-05  1.26607E+00 
6.42998E+01 1.18500E+00  1.07547E-05  1.26106E+00 
6.43998E+01 1.18000E+00  1.04589E-05  1.25608E+00 
6.44998E+01 1.17500E+00  1.03465E-05  1.25109E+00 
6.45998E+01 1.17000E+00  1.01458E-05  1.24609E+00 
6.46998E+01 1.16500E+00  9.90327E-06  1.24106E+00 
6.47998E+01 1.16000E+00  9.64743E-06  1.23608E+00 
6.48998E+01 1.15500E+00  9.45020E-06  1.23108E+00 
6.49998E+01 1.15000E+00  9.18062E-06  1.22608E+00 
6.50998E+01 1.14500E+00  9.11755E-06  1.22105E+00 
6.51998E+01 1.14000E+00  8.96089E-06  1.21605E+00 
6.52998E+01 1.13500E+00  8.82813E-06  1.21105E+00 
6.53998E+01 1.13000E+00  8.68488E-06  1.20606E+00 
6.54998E+01 1.12500E+00  8.46384E-06  1.20106E+00 
6.55998E+01 1.12000E+00  8.37456E-06  1.19608E+00 
6.56998E+01 1.11500E+00  8.24347E-06  1.19106E+00 
6.57998E+01 1.11000E+00  8.14022E-06  1.18606E+00 
6.58998E+01 1.10500E+00  8.05186E-06  1.18103E+00 
6.59998E+01 1.10000E+00  7.96614E-06  1.17603E+00 
6.60998E+01 1.09500E+00  7.80957E-06  1.17107E+00 
6.61998E+01 1.09000E+00  7.69767E-06  1.16604E+00 
6.62998E+01 1.08500E+00  7.63459E-06  1.16103E+00 
6.63998E+01 1.08000E+00  7.36371E-06  1.15604E+00 
6.64998E+01 1.07500E+00  7.37415E-06  1.15100E+00 
6.65998E+01 1.07000E+00  7.45029E-06  1.14603E+00 
6.66998E+01 1.06500E+00  7.35823E-06  1.14104E+00 
6.67998E+01 1.06000E+00  7.14986E-06  1.13603E+00 
6.68998E+01 1.05500E+00  7.09292E-06  1.13102E+00 
6.69998E+01 1.05000E+00  6.89040E-06  1.12603E+00 
6.70998E+01 1.04500E+00  6.82664E-06  1.12103E+00 
6.71998E+01 1.04000E+00  6.80352E-06  1.11602E+00 
6.72998E+01 1.03500E+00  6.74541E-06  1.11101E+00 
6.73998E+01 1.03000E+00  6.66233E-06  1.10598E+00 
6.74998E+01 1.02500E+00  6.60342E-06  1.10097E+00 
6.75998E+01 1.02000E+00  6.53848E-06  1.09598E+00 
6.76998E+01 1.01500E+00  6.46640E-06  1.09096E+00 
6.77998E+01 1.01000E+00  6.25907E-06  1.08596E+00 
6.78998E+01 1.00500E+00  6.29706E-06  1.08095E+00 
6.79998E+01 9.99995E-01  6.24950E-06  1.07597E+00 
6.80998E+01 9.94996E-01  6.17195E-06  1.07097E+00 
6.81998E+01 9.89996E-01  6.11488E-06  1.06598E+00 
6.82998E+01 9.84996E-01  6.11476E-06  1.06095E+00 
6.83998E+01 9.79996E-01  5.80853E-06  1.05595E+00 
6.84998E+01 9.74996E-01  5.84732E-06  1.05095E+00 
6.85998E+01 9.69996E-01  5.82925E-06  1.04594E+00 
6.86998E+01 9.64996E-01  5.82115E-06  1.04093E+00 
6.87998E+01 9.59996E-01  5.72633E-06  1.03595E+00 
6.88998E+01 9.54996E-01  5.62338E-06  1.03095E+00 
6.89998E+01 9.49996E-01  5.58526E-06  1.02593E+00 
6.90998E+01 9.44996E-01  5.31313E-06  1.02092E+00 
6.91998E+01 9.39996E-01  5.35897E-06  1.01593E+00 
6.92998E+01 9.34996E-01  5.38714E-06  1.01095E+00 
6.93998E+01 9.29996E-01  5.38341E-06  1.00593E+00 
6.94998E+01 9.24996E-01  5.23732E-06  1.00091E+00 
6.95998E+01 9.19996E-01  5.19296E-06  9.95914E-01 
6.96998E+01 9.14996E-01  5.20520E-06  9.90941E-01 
6.97998E+01 9.09996E-01  4.95871E-06  9.85946E-01 
6.98998E+01 9.04996E-01  4.95924E-06  9.80905E-01 
6.99998E+01 8.99996E-01  4.94424E-06  9.75938E-01 
7.00998E+01 8.94996E-01  4.84447E-06  9.70932E-01 
7.01998E+01 8.89996E-01  4.79410E-06  9.65923E-01 
7.02998E+01 8.84996E-01  4.73637E-06  9.60915E-01 
7.03998E+01 8.79996E-01  4.59583E-06  9.55912E-01 
7.04998E+01 8.74996E-01  4.40872E-06  9.50899E-01 
7.05998E+01 8.69996E-01  4.49198E-06  9.45925E-01 
7.06998E+01 8.64996E-01  4.55239E-06  9.40913E-01 
7.07998E+01 8.59996E-01  4.32032E-06  9.35899E-01 
7.08998E+01 8.54996E-01  4.20842E-06  9.30878E-01 
7.09998E+01 8.49996E-01  4.03616E-06  9.25870E-01 
7.10998E+01 8.44996E-01  4.13939E-06  9.20881E-01 
7.11998E+01 8.39996E-01  4.26998E-06  9.15884E-01 
7.12998E+01 8.34996E-01  4.22567E-06  9.10881E-01 
7.13998E+01 8.29996E-01  4.09572E-06  9.05896E-01 
7.14998E+01 8.24996E-01  4.44624E-06  9.00893E-01 
7.15998E+01 8.19996E-01  4.76414E-06  8.95879E-01 
7.16998E+01 8.14996E-01  4.40145E-06  8.90878E-01 
7.17998E+01 8.09996E-01  4.34694E-06  8.85869E-01 
7.18998E+01 8.04996E-01  4.24069E-06  8.80879E-01 
7.19998E+01 7.99996E-01  4.10120E-06  8.75876E-01 
7.20998E+01 7.94996E-01  3.91927E-06  8.70885E-01 
7.21998E+01 7.89996E-01  3.80529E-06  8.65869E-01 
7.22998E+01 7.84996E-01  3.83149E-06  8.60878E-01 
7.23998E+01 7.79996E-01  3.72712E-06  8.55879E-01 
7.24998E+01 7.74996E-01  3.64981E-06  8.50865E-01 
7.25998E+01 7.69996E-01  3.55959E-06  8.45845E-01 
7.26998E+01 7.64996E-01  3.49047E-06  8.40830E-01 
7.27998E+01 7.59996E-01  3.34277E-06  8.35851E-01 
7.28998E+01 7.54996E-01  3.27301E-06  8.30861E-01 
7.29998E+01 7.49996E-01  3.14539E-06  8.25813E-01 
7.30998E+01 7.44996E-01  3.23993E-06  8.20844E-01 
7.31998E+01 7.39996E-01  3.17498E-06  8.15854E-01 
7.32998E+01 7.34996E-01  3.08738E-06  8.10850E-01 
7.33998E+01 7.29996E-01  3.07663E-06  8.05834E-01 
7.34998E+01 7.24996E-01  2.98738E-06  8.00827E-01 
7.35998E+01 7.19996E-01  2.83079E-06  7.95825E-01 
7.36998E+01 7.14996E-01  2.77813E-06  7.90826E-01 
7.37998E+01 7.09996E-01  2.82475E-06  7.85808E-01 
7.38998E+01 7.04996E-01  2.73909E-06  7.80811E-01 
7.39998E+01 6.99996E-01  2.53757E-06  7.75793E-01 
7.40998E+01 6.94996E-01  2.41706E-06  7.70773E-01 
7.41998E+01 6.89996E-01  2.28166E-06  7.65780E-01 
7.42998E+01 6.84996E-01  2.07195E-06  7.60774E-01 
7.43998E+01 6.79996E-01  2.31033E-06  7.55763E-01 
7.44998E+01 6.74996E-01  2.16555E-06  7.50784E-01 
7.45998E+01 6.69996E-01  1.79712E-06  7.45775E-01 
7.46998E+01 6.64996E-01  1.67263E-06  7.40795E-01 
7.47998E+01 6.59996E-01  1.57411E-06  7.35762E-01 
7.48998E+01 6.54996E-01  1.62105E-06  7.30738E-01 
7.49998E+01 6.49996E-01  2.05208E-06  7.25777E-01 
7.50998E+01 6.44996E-01  1.80111E-06  7.20758E-01 
7.51998E+01 6.39996E-01  1.65070E-06  7.15735E-01 
7.52998E+01 6.34996E-01  1.48851E-06  7.10738E-01 
7.53998E+01 6.29996E-01  1.40883E-06  7.05762E-01 
7.54998E+01 6.24996E-01  1.15069E-06  7.00781E-01 
7.55998E+01 6.19996E-01  1.19332E-06  6.95766E-01 
7.56998E+01 6.14996E-01  1.16519E-06  6.90764E-01 
7.57998E+01 6.09996E-01  1.08283E-06  6.85764E-01 
7.58998E+01 6.04996E-01  9.33055E-07  6.80765E-01 
7.59998E+01 5.99996E-01  7.79199E-07  6.75738E-01 
7.60998E+01 5.94997E-01  7.44503E-07  6.70730E-01 
7.61998E+01 5.89997E-01  6.07261E-07  6.65737E-01 
7.62998E+01 5.84997E-01  6.31022E-07  6.60737E-01 
7.63998E+01 5.79997E-01  5.48169E-07  6.55738E-01 
7.64998E+01 5.74997E-01  4.14519E-07  6.50730E-01 
7.65998E+01 5.69997E-01  2.89354E-07  6.45734E-01 
7.66998E+01 5.64997E-01  2.11915E-07  6.40732E-01 
7.67998E+01 5.59997E-01  -1.51379E-08 6.35745E-01 
7.68998E+01 5.54997E-01  1.97750E-08  6.30745E-01 
7.69998E+01 5.49997E-01  -5.29791E-08 6.25745E-01 
7.70998E+01 5.44997E-01  -1.68839E-07 6.20716E-01 
7.71998E+01 5.39997E-01  -3.19452E-07 6.15738E-01 
7.72998E+01 5.34997E-01  -4.99282E-07 6.10721E-01 
7.73998E+01 5.29997E-01  -5.53650E-07 6.05708E-01 
7.74998E+01 5.24997E-01  -6.99738E-07 6.00711E-01 
7.75998E+01 5.19997E-01  -7.54448E-07 5.95720E-01 
7.76998E+01 5.14997E-01  -8.81422E-07 5.90697E-01 
7.77998E+01 5.09997E-01  -1.02869E-06 5.85675E-01 
7.78998E+01 5.04997E-01  -1.16182E-06 5.80709E-01 
7.79998E+01 4.99997E-01  -1.29449E-06 5.75713E-01 
7.80998E+01 4.94997E-01  -1.44163E-06 5.70719E-01 
7.81998E+01 4.89997E-01  -1.55920E-06 5.65682E-01 
7.82998E+01 4.84997E-01  -1.67651E-06 5.60708E-01 
7.83998E+01 4.79997E-01  -1.81014E-06 5.55716E-01 
7.84998E+01 4.74997E-01  -1.95389E-06 5.50683E-01 
7.85998E+01 4.69997E-01  -2.08724E-06 5.45681E-01 
7.86998E+01 4.64997E-01  -2.23953E-06 5.40701E-01 
7.87998E+01 4.59997E-01  -2.38883E-06 5.35686E-01 
7.88998E+01 4.54997E-01  -2.53872E-06 5.30674E-01 
7.89998E+01 4.49997E-01  -2.67190E-06 5.25676E-01 
7.90998E+01 4.44997E-01  -2.82058E-06 5.20653E-01 
7.91998E+01 4.39997E-01  -2.97971E-06 5.15654E-01 
7.92998E+01 4.34997E-01  -3.14005E-06 5.10688E-01 
7.93998E+01 4.29997E-01  -3.30652E-06 5.05654E-01 
7.94998E+01 4.24997E-01  -3.47039E-06 5.00634E-01 
7.95998E+01 4.19997E-01  -3.63727E-06 4.95666E-01 
7.96998E+01 4.14997E-01  -3.79497E-06 4.90660E-01 
7.97998E+01 4.09997E-01  -3.96919E-06 4.85666E-01 
7.98998E+01 4.04997E-01  -4.17768E-06 4.80638E-01 
7.99998E+01 3.99997E-01  -4.44066E-06 4.75641E-01 
8.00998E+01 3.94997E-01  -4.66067E-06 4.70629E-01 
8.01998E+01 3.89997E-01  -4.84743E-06 4.65626E-01 
8.02998E+01 3.84997E-01  -5.00783E-06 4.60621E-01 
8.03998E+01 3.79997E-01  -5.13545E-06 4.55612E-01 
8.04998E+01 3.74997E-01  -5.41465E-06 4.50602E-01 
8.05998E+01 3.69997E-01  -5.96662E-06 4.45592E-01 
8.06998E+01 3.64997E-01  -6.22829E-06 4.40593E-01 
8.07998E+01 3.59997E-01  -6.33340E-06 4.35608E-01 
8.08998E+01 3.54997E-01  -6.51113E-06 4.30598E-01 
8.09998E+01 3.49997E-01  -6.79351E-06 4.25587E-01 
8.10998E+01 3.44997E-01  -6.90427E-06 4.20620E-01 
8.11998E+01 3.39997E-01  -7.18455E-06 4.15606E-01 
8.12998E+01 3.34997E-01  -8.00634E-06 4.10577E-01 
8.13998E+01 3.29997E-01  -8.04808E-06 4.05565E-01 
8.14998E+01 3.24997E-01  -8.03995E-06 4.00570E-01 
8.15998E+01 3.19997E-01  -8.12241E-06 3.95589E-01 
8.16998E+01 3.14997E-01  -8.56794E-06 3.90580E-01 
8.17998E+01 3.09997E-01  -8.75860E-06 3.85579E-01 
8.18998E+01 3.04997E-01  -9.00314E-06 3.80561E-01 
8.19998E+01 2.99997E-01  -9.25636E-06 3.75571E-01 
8.20998E+01 2.94997E-01  -1.01786E-05 3.70568E-01 
8.21998E+01 2.89997E-01  -1.02333E-05 3.65555E-01 
8.22998E+01 2.84997E-01  -1.02849E-05 3.60560E-01 
8.23998E+01 2.79997E-01  -1.04939E-05 3.55578E-01 
8.24998E+01 2.74997E-01  -1.07456E-05 3.50591E-01 
8.25998E+01 2.69997E-01  -1.10801E-05 3.45563E-01 
8.26998E+01 2.64997E-01  -1.14675E-05 3.40570E-01 
8.27998E+01 2.59997E-01  -1.19541E-05 3.35574E-01 
8.28998E+01 2.54997E-01  -1.23855E-05 3.30573E-01 
8.29998E+01 2.49997E-01  -1.27185E-05 3.25557E-01 
8.30998E+01 2.44997E-01  -1.31039E-05 3.20555E-01 
8.31998E+01 2.39997E-01  -1.35940E-05 3.15565E-01 
8.32998E+01 2.34997E-01  -1.40615E-05 3.10544E-01 
8.33998E+01 2.29997E-01  -1.45372E-05 3.05550E-01 
8.34998E+01 2.24997E-01  -1.50300E-05 3.00536E-01 
8.35998E+01 2.19997E-01  -1.55668E-05 2.95532E-01 
8.36998E+01 2.14997E-01  -1.60244E-05 2.90534E-01 
8.37998E+01 2.09997E-01  -1.65018E-05 2.85527E-01 
8.38998E+01 2.04997E-01  -1.69826E-05 2.80539E-01 
8.39998E+01 1.99997E-01  -1.75029E-05 2.75537E-01 
8.40998E+01 1.94998E-01  -1.79760E-05 2.70533E-01 
8.41998E+01 1.89998E-01  -1.84898E-05 2.65533E-01 
8.42998E+01 1.84998E-01  -1.90606E-05 2.60541E-01 
8.43998E+01 1.79998E-01  -1.95792E-05 2.55512E-01 
8.44998E+01 1.74998E-01  -2.00908E-05 2.50498E-01 
8.45998E+01 1.69998E-01  -2.05641E-05 2.45499E-01 
8.46998E+01 1.64998E-01  -2.10721E-05 2.40517E-01 
8.47998E+01 1.59998E-01  -2.15741E-05 2.35502E-01 
8.48998E+01 1.54998E-01  -2.20765E-05 2.30475E-01 
8.49998E+01 1.49998E-01  -2.25842E-05 2.25516E-01 
8.50998E+01 1.44998E-01  -2.30968E-05 2.20492E-01 
8.51998E+01 1.39998E-01  -2.36060E-05 2.15483E-01 
8.52998E+01 1.34998E-01  -2.40955E-05 2.10481E-01 
8.53998E+01 1.29998E-01  -2.45749E-05 2.05482E-01 
8.54998E+01 1.24998E-01  -2.50503E-05 2.00482E-01 
8.55998E+01 1.19998E-01  -2.55241E-05 1.95481E-01 
8.56998E+01 1.14998E-01  -2.59973E-05 1.90479E-01 
8.57998E+01 1.09998E-01  -2.64592E-05 1.85494E-01 
8.58998E+01 1.04998E-01  -2.69285E-05 1.80498E-01 
8.59998E+01 9.99977E-02  -2.73904E-05 1.75487E-01 
8.60998E+01 9.49978E-02  -2.78611E-05 1.70462E-01 
8.61998E+01 8.99978E-02  -2.83344E-05 1.65460E-01 
8.62998E+01 8.49978E-02  -2.88107E-05 1.60491E-01 
8.63998E+01 7.99978E-02  -2.92951E-05 1.55463E-01 
8.64998E+01 7.49978E-02  -2.97884E-05 1.50469E-01 
8.65998E+01 6.99978E-02  -3.02957E-05 1.45443E-01 
8.66998E+01 6.49978E-02  -3.08074E-05 1.40447E-01 
8.67998E+01 5.99978E-02  -3.13263E-05 1.35448E-01 
8.68998E+01 5.49979E-02  -3.18579E-05 1.30441E-01 
8.69998E+01 4.99979E-02  -3.24032E-05 1.25455E-01 
8.70998E+01 4.49979E-02  -3.29459E-05 1.20441E-01 
8.71998E+01 3.99979E-02  -3.34899E-05 1.15413E-01 
8.72998E+01 3.49979E-02  -3.40378E-05 1.10423E-01 
8.73998E+01 2.99979E-02  -3.46254E-05 1.05438E-01 
8.74998E+01 2.49979E-02  -3.51572E-05 1.00441E-01 
8.75998E+01 1.99979E-02  -3.56311E-05 9.54323E-02 
8.76998E+01 1.49980E-02  -3.61593E-05 9.03964E-02 
8.77998E+01 9.99797E-03  -3.66455E-05 8.54323E-02 
8.78998E+01 4.99799E-03  -3.71086E-05 8.04351E-02 
8.79998E+01 -2.00000E-06 -3.75580E-05 7.54174E-02 
8.80998E+01 -5.00199E-03 -3.79908E-05 7.04071E-02 
8.81998E+01 -1.00020E-02 -3.83973E-05 6.54324E-02 
8.82998E+01 -1.50020E-02 -3.87913E-05 6.04327E-02 
8.83998E+01 -2.00020E-02 -3.91631E-05 5.54031E-02 
8.84998E+01 -2.50019E-02 -3.95373E-05 5.03859E-02 
8.85998E+01 -3.00019E-02 -3.98882E-05 4.54256E-02 
8.86998E+01 -3.50019E-02 -4.02172E-05 4.04309E-02 
8.87998E+01 -4.00019E-02 -4.05404E-05 3.54188E-02 
8.88998E+01 -4.50019E-02 -4.08401E-05 3.03947E-02 
8.89998E+01 -5.00019E-02 -4.11322E-05 2.53982E-02 
8.90998E+01 -5.50019E-02 -4.14462E-05 2.04279E-02 
8.91998E+01 -6.00019E-02 -4.17496E-05 1.53976E-02 
8.92998E+01 -6.50018E-02 -4.21243E-05 1.03854E-02 
8.93998E+01 -7.00018E-02 -4.25391E-05 5.38071E-03 
8.94998E+01 -7.50018E-02 -4.29558E-05 4.06676E-04 
8.95998E+01 -8.00018E-02 -4.34270E-05 -4.62234E-03
8.96998E+01 -8.50018E-02 -4.39010E-05 -9.62826E-03
8.97998E+01 -9.00018E-02 -4.44037E-05 -1.46517E-02
8.98998E+01 -9.50018E-02 -4.49511E-05 -1.96663E-02
8.99998E+01 -1.00002E-01 -4.55952E-05 -2.46610E-02
9.00998E+01 -1.05002E-01 -4.62920E-05 -2.96145E-02
9.01998E+01 -1.10002E-01 -4.69938E-05 -3.46616E-02
9.02998E+01 -1.15002E-01 -4.77238E-05 -3.96344E-02
9.03998E+01 -1.20002E-01 -4.85323E-05 -4.46615E-02
9.04998E+01 -1.25002E-01 -4.93058E-05 -4.96493E-02
9.05998E+01 -1.30002E-01 -5.00045E-05 -5.46571E-02
9.06998E+01 -1.35002E-01 -5.11081E-05 -5.96412E-02
9.07998E+01 -1.40002E-01 -5.22635E-05 -6.46571E-02
9.08998E+01 -1.45002E-01 -5.32413E-05 -6.96780E-02
9.09998E+01 -1.50002E-01 -5.41054E-05 -7.46852E-02
9.10998E+01 -1.55002E-01 -5.50951E-05 -7.96805E-02
9.11998E+01 -1.60002E-01 -5.64065E-05 -8.46608E-02
9.12998E+01 -1.65002E-01 -5.78494E-05 -8.96723E-02
9.13998E+01 -1.70002E-01 -5.96135E-05 -9.46957E-02
9.14998E+01 -1.75002E-01 -6.12517E-05 -9.96816E-02
9.15998E+01 -1.80002E-01 -6.33594E-05 -1.04693E-01
9.16998E+01 -1.85002E-01 -6.55312E-05 -1.09673E-01
9.17998E+01 -1.90002E-01 -6.79780E-05 -1.14700E-01
9.18998E+01 -1.95002E-01 -7.03436E-05 -1.19708E-01
9.19998E+01 -2.00002E-01 -7.30748E-05 -1.24679E-01
9.20998E+01 -2.05001E-01 -7.64975E-05 -1.29676E-01
9.21998E+01 -2.10001E-01 -7.99806E-05 -1.34686E-01
9.22998E+01 -2.15001E-01 -8.39591E-05 -1.39697E-01
9.23998E+01 -2.20001E-01 -8.82241E-05 -1.44730E-01
9.24998E+01 -2.25001E-01 -9.27479E-05 -1.49720E-01
9.25998E+01 -2.30001E-01 -9.74724E-05 -1.54694E-01
9.26998E+01 -2.35001E-01 -1.02223E-04 -1.59718E-01
9.27998E+01 -2.40001E-01 -1.07002E-04 -1.64738E-01
9.28998E+01 -2.45001E-01 -1.11856E-04 -1.69717E-01
9.29998E+01 -2.50001E-01 -1.16666E-04 -1.74729E-01
9.30998E+01 -2.55001E-01 -1.21562E-04 -1.79744E-01
9.31998E+01 -2.60001E-01 -1.26498E-04 -1.84750E-01
9.32998E+01 -2.65001E-01 -1.31410E-04 -1.89755E-01
9.33998E+01 -2.70001E-01 -1.36361E-04 -1.94760E-01
9.34998E+01 -2.75001E-01 -1.41305E-04 -1.99764E-01
9.35998E+01 -2.80001E-01 -1.46066E-04 -2.04739E-01
9.36998E+01 -2.85001E-01 -1.50880E-04 -2.09706E-01
9.37998E+01 -2.90001E-01 -1.55545E-04 -2.14747E-01
9.38998E+01 -2.95001E-01 -1.60334E-04 -2.19757E-01
9.39998E+01 -3.00001E-01 -1.65173E-04 -2.24743E-01
9.40998E+01 -3.05001E-01 -1.69980E-04 -2.29718E-01
9.41998E+01 -3.10001E-01 -1.74833E-04 -2.34722E-01
9.42998E+01 -3.15001E-01 -1.79689E-04 -2.39736E-01
9.43998E+01 -3.20001E-01 -1.84461E-04 -2.44718E-01
9.44998E+01 -3.25001E-01 -1.89261E-04 -2.49727E-01
9.45998E+01 -3.30001E-01 -1.94075E-04 -2.54710E-01
9.46998E+01 -3.35001E-01 -1.98907E-04 -2.59754E-01
9.47998E+01 -3.40001E-01 -2.03741E-04 -2.64723E-01
9.48998E+01 -3.45001E-01 -2.08553E-04 -2.69729E-01
9.49998E+01 -3.50001E-01 -2.13354E-04 -2.74722E-01
9.50998E+01 -3.55001E-01 -2.17704E-04 -2.79745E-01
9.51998E+01 -3.60001E-01 -2.22476E-04 -2.84763E-01
9.52998E+01 -3.65001E-01 -2.27295E-04 -2.89742E-01
9.53998E+01 -3.70001E-01 -2.32182E-04 -2.94768E-01
9.54998E+01 -3.75001E-01 -2.36868E-04 -2.99755E-01
9.55998E+01 -3.80001E-01 -2.41460E-04 -3.04777E-01
9.56998E+01 -3.85001E-01 -2.45942E-04 -3.09753E-01
9.57998E+01 -3.90001E-01 -2.50418E-04 -3.14759E-01
9.58998E+01 -3.95001E-01 -2.54901E-04 -3.19776E-01
9.59998E+01 -4.00001E-01 -2.59182E-04 -3.24778E-01
9.60998E+01 -4.05001E-01 -2.63508E-04 -3.29800E-01
9.61998E+01 -4.10001E-01 -2.67855E-04 -3.34778E-01
9.62998E+01 -4.15001E-01 -2.72123E-04 -3.39823E-01
9.63998E+01 -4.20001E-01 -2.76287E-04 -3.44804E-01
9.64998E+01 -4.25001E-01 -2.80258E-04 -3.49821E-01
9.65998E+01 -4.30001E-01 -2.84075E-04 -3.54820E-01
9.66998E+01 -4.35001E-01 -2.87759E-04 -3.59828E-01
9.67998E+01 -4.40001E-01 -2.91210E-04 -3.64798E-01
9.68998E+01 -4.45001E-01 -2.94481E-04 -3.69807E-01
9.69998E+01 -4.50001E-01 -2.97637E-04 -3.74833E-01
9.70998E+01 -4.55001E-01 -3.00502E-04 -3.79832E-01
9.71998E+01 -4.60001E-01 -3.03000E-04 -3.84785E-01
9.72998E+01 -4.65001E-01 -3.05041E-04 -3.89817E-01
9.73998E+01 -4.70001E-01 -3.06524E-04 -3.94829E-01
9.74998E+01 -4.75001E-01 -3.07058E-04 -3.99804E-01
9.75998E+01 -4.80001E-01 -3.06112E-04 -4.04814E-01
9.76998E+01 -4.85001E-01 -3.02406E-04 -4.09831E-01
9.77998E+01 -4.90001E-01 -2.93708E-04 -4.14842E-01
9.78998E+01 -4.95001E-01 -2.74469E-04 -4.19833E-01
9.79998E+01 -5.00001E-01 -2.34704E-04 -4.24816E-01
9.80998E+01 -5.05001E-01 -1.77483E-04 -4.29807E-01
9.81998E+01 -5.10001E-01 -1.36175E-04 -4.34841E-01
9.82998E+01 -5.15001E-01 -1.11314E-04 -4.39844E-01
9.83998E+01 -5.20001E-01 -9.56903E-05 -4.44843E-01
9.84998E+01 -5.25001E-01 -8.48643E-05 -4.49850E-01
9.85998E+01 -5.30001E-01 -7.73247E-05 -4.54852E-01
9.86998E+01 -5.35001E-01 -7.16199E-05 -4.59835E-01
9.87998E+01 -5.40001E-01 -6.71601E-05 -4.64837E-01
9.88998E+01 -5.45001E-01 -6.35661E-05 -4.69833E-01
9.89998E+01 -5.50001E-01 -6.05373E-05 -4.74850E-01
9.90998E+01 -5.55001E-01 -5.80379E-05 -4.79860E-01
9.91998E+01 -5.60001E-01 -5.58586E-05 -4.84865E-01
9.92998E+01 -5.65001E-01 -5.38655E-05 -4.89869E-01
9.93998E+01 -5.70001E-01 -5.21819E-05 -4.94877E-01
9.94998E+01 -5.75001E-01 -5.06765E-05 -4.99865E-01
9.95998E+01 -5.80001E-01 -4.93457E-05 -5.04867E-01
9.96998E+01 -5.85001E-01 -4.81441E-05 -5.09918E-01
9.97998E+01 -5.90001E-01 -4.70575E-05 -5.14888E-01
9.98998E+01 -5.95001E-01 -4.60625E-05 -5.19889E-01
9.99997E+01 -6.00001E-01 -4.51693E-05 -5.24860E-01
1.00100E+02 -6.05000E-01 -4.55174E-05 -5.29909E-01
1.00200E+02 -6.10000E-01 -4.36486E-05 -5.34895E-01
1.00300E+02 -6.15000E-01 -4.29233E-05 -5.39878E-01
1.00400E+02 -6.20000E-01 -4.22854E-05 -5.44891E-01
1.00500E+02 -6.25000E-01 -4.17140E-05 -5.49883E-01
1.00600E+02 -6.30000E-01 -4.11972E-05 -5.54924E-01
1.00700E+02 -6.35000E-01 -4.07525E-05 -5.59901E-01
1.00800E+02 -6.40000E-01 -4.03407E-05 -5.64920E-01
1.00900E+02 -6.45000E-01 -4.04661E-05 -5.69916E-01
1.01000E+02 -6.50000E-01 -4.01296E-05 -5.74937E-01
1.01100E+02 -6.55000E-01 -3.98487E-05 -5.79927E-01
1.01200E+02 -6.60000E-01 -3.96024E-05 -5.84904E-01
1.01300E+02 -6.65000E-01 -3.93930E-05 -5.89927E-01
1.01400E+02 -6.70000E-01 -3.92138E-05 -5.94920E-01
1.01500E+02 -6.75000E-01 -3.90746E-05 -5.99908E-01
1.01600E+02 -6.80000E-01 -3.89617E-05 -6.04923E-01
1.01700E+02 -6.85000E-01 -3.88771E-05 -6.09933E-01
1.01800E+02 -6.90000E-01 -3.88032E-05 -6.14958E-01
1.01900E+02 -6.95000E-01 -3.87575E-05 -6.19933E-01
1.02000E+02 -7.00000E-01 -3.87380E-05 -6.24921E-01
1.02100E+02 -7.05000E-01 -3.87378E-05 -6.29979E-01
1.02200E+02 -7.10000E-01 -3.87506E-05 -6.34962E-01
1.02300E+02 -7.15000E-01 -3.87859E-05 -6.39971E-01
1.02400E+02 -7.20000E-01 -3.88331E-05 -6.44965E-01
1.02500E+02 -7.25000E-01 -3.88865E-05 -6.49954E-01
1.02600E+02 -7.30000E-01 -3.89476E-05 -6.54975E-01
1.02700E+02 -7.35000E-01 -3.90234E-05 -6.59982E-01
1.02800E+02 -7.40000E-01 -3.91033E-05 -6.64961E-01
1.02900E+02 -7.45000E-01 -3.91888E-05 -6.69945E-01
1.03000E+02 -7.50000E-01 -3.92906E-05 -6.74982E-01
1.03100E+02 -7.55000E-01 -3.93977E-05 -6.79989E-01
1.03200E+02 -7.60000E-01 -3.94966E-05 -6.84980E-01
1.03300E+02 -7.65000E-01 -3.96038E-05 -6.89968E-01
1.03400E+02 -7.70000E-01 -3.97038E-05 -6.94980E-01
1.03500E+02 -7.75000E-01 -3.98060E-05 -6.99984E-01
1.03600E+02 -7.80000E-01 -3.99018E-05 -7.04977E-01
1.03700E+02 -7.85000E-01 -4.00151E-05 -7.09977E-01
1.03800E+02 -7.90000E-01 -4.01234E-05 -7.14971E-01
1.03900E+02 -7.95000E-01 -4.02105E-05 -7.19971E-01
