time/s      E/V        I/A
0.00000E+00 -8.00000E-01 -1.61430E-04 -7.24985E-01
9.99997E-02 -7.95000E-01 -1.58494E-04 -7.20010E-01
1.99999E-01 -7.90000E-01 -1.55830E-04 -7.14991E-01
2.99999E-01 -7.85000E-01 -1.53162E-04 -7.09985E-01
3.99999E-01 -7.80000E-01 -1.50640E-04 -7.04997E-01
4.99999E-01 -7.75000E-01 -1.48123E-04 -7.00028E-01
5.99998E-01 -7.70000E-01 -1.45968E-04 -6.95007E-01
6.99998E-01 -7.65000E-01 -1.43613E-04 -6.89962E-01
7.99998E-01 -7.60000E-01 -1.41512E-04 -6.84978E-01
8.99998E-01 -7.55000E-01 -1.39126E-04 -6.80004E-01
9.99997E-01 -7.50000E-01 -1.36892E-04 -6.74977E-01
1.10000E+00 -7.45000E-01 -1.34621E-04 -6.69986E-01
1.20000E+00 -7.40000E-01 -1.32399E-04 -6.64970E-01
1.30000E+00 -7.35000E-01 -1.30160E-04 -6.59982E-01
1.40000E+00 -7.30000E-01 -1.27861E-04 -6.54967E-01
1.50000E+00 -7.25000E-01 -1.25393E-04 -6.49943E-01
1.60000E+00 -7.20000E-01 -1.22524E-04 -6.44948E-01
1.70000E+00 -7.15000E-01 -1.19407E-04 -6.39956E-01
1.80000E+00 -7.10000E-01 -1.15768E-04 -6.34950E-01
1.90000E+00 -7.05000E-01 -1.11673E-04 -6.29936E-01
1.99999E+00 -7.00000E-01 -1.06692E-04 -6.24933E-01
2.09999E+00 -6.95000E-01 -1.01016E-04 -6.19928E-01
2.19999E+00 -6.90000E-01 -9.45966E-05 -6.14946E-01
2.29999E+00 -6.85000E-01 -8.78765E-05 -6.09930E-01
2.39999E+00 -6.80000E-01 -8.13249E-05 -6.04913E-01
2.49999E+00 -6.75000E-01 -7.55141E-05 -5.99926E-01
2.59999E+00 -6.70000E-01 -7.05140E-05 -5.94927E-01
2.69999E+00 -6.65000E-01 -6.63353E-05 -5.89928E-01
2.79999E+00 -6.60000E-01 -6.26583E-05 -5.84899E-01
2.89999E+00 -6.55000E-01 -5.95773E-05 -5.79925E-01
2.99999E+00 -6.50000E-01 -5.68559E-05 -5.74931E-01
3.09999E+00 -6.45000E-01 -5.42793E-05 -5.69916E-01
3.19999E+00 -6.40000E-01 -5.19726E-05 -5.64908E-01
3.29999E+00 -6.35000E-01 -4.98607E-05 -5.59904E-01
3.39999E+00 -6.30000E-01 -4.79500E-05 -5.54899E-01
3.49999E+00 -6.25000E-01 -4.61568E-05 -5.49904E-01
3.59999E+00 -6.20000E-01 -4.44947E-05 -5.44901E-01
3.69999E+00 -6.15000E-01 -4.29357E-05 -5.39892E-01
3.79999E+00 -6.10000E-01 -4.14810E-05 -5.34892E-01
3.89999E+00 -6.05000E-01 -4.01282E-05 -5.29916E-01
3.99999E+00 -6.00001E-01 -3.88297E-05 -5.24905E-01
4.09999E+00 -5.95001E-01 -3.76033E-05 -5.19875E-01
4.19999E+00 -5.90001E-01 -3.64427E-05 -5.14884E-01
4.29999E+00 -5.85001E-01 -3.53448E-05 -5.09896E-01
4.39999E+00 -5.80001E-01 -3.42869E-05 -5.04881E-01
4.49999E+00 -5.75001E-01 -3.32934E-05 -4.99870E-01
4.59999E+00 -5.70001E-01 -3.23622E-05 -4.94869E-01
4.69999E+00 -5.65001E-01 -3.14569E-05 -4.89855E-01
4.79999E+00 -5.60001E-01 -3.05945E-05 -4.84860E-01
4.89999E+00 -5.55001E-01 -2.97474E-05 -4.79859E-01
4.99999E+00 -5.50001E-01 -2.89434E-05 -4.74829E-01
5.09999E+00 -5.45001E-01 -2.81722E-05 -4.69838E-01
5.19999E+00 -5.40001E-01 -2.74230E-05 -4.64841E-01
5.29999E+00 -5.35001E-01 -2.66966E-05 -4.59844E-01
5.39999E+00 -5.30001E-01 -2.60642E-05 -4.54861E-01
5.49999E+00 -5.25001E-01 -2.53859E-05 -4.49803E-01
5.59999E+00 -5.20001E-01 -2.47270E-05 -4.44823E-01
5.69999E+00 -5.15001E-01 -2.40651E-05 -4.39859E-01
5.79999E+00 -5.10001E-01 -2.34671E-05 -4.34842E-01
5.89999E+00 -5.05001E-01 -2.28564E-05 -4.29835E-01
5.99998E+00 -5.00001E-01 -2.22724E-05 -4.24834E-01
6.09998E+00 -4.95001E-01 -2.17051E-05 -4.19829E-01
6.19998E+00 -4.90001E-01 -2.12591E-05 -4.14833E-01
6.29998E+00 -4.85001E-01 -2.07152E-05 -4.09806E-01
6.39998E+00 -4.80001E-01 -2.01604E-05 -4.04816E-01
6.49998E+00 -4.75001E-01 -1.96634E-05 -3.99818E-01
6.59998E+00 -4.70001E-01 -1.91987E-05 -3.94823E-01
6.69998E+00 -4.65001E-01 -1.85545E-05 -3.89804E-01
6.79998E+00 -4.60001E-01 -1.81705E-05 -3.84797E-01
6.89998E+00 -4.55001E-01 -1.77283E-05 -3.79796E-01
6.99998E+00 -4.50001E-01 -1.73119E-05 -3.74803E-01
7.09998E+00 -4.45001E-01 -1.69001E-05 -3.69783E-01
7.19998E+00 -4.40001E-01 -1.64741E-05 -3.64801E-01
7.29998E+00 -4.35001E-01 -1.60723E-05 -3.59789E-01
7.39998E+00 -4.30001E-01 -1.56431E-05 -3.54811E-01
7.49998E+00 -4.25001E-01 -1.52545E-05 -3.49786E-01
7.59998E+00 -4.20001E-01 -1.48581E-05 -3.44762E-01
7.69998E+00 -4.15001E-01 -1.44673E-05 -3.39783E-01
7.79998E+00 -4.10001E-01 -1.41000E-05 -3.34788E-01
7.89998E+00 -4.05001E-01 -1.37362E-05 -3.29773E-01
7.99998E+00 -4.00001E-01 -1.33735E-05 -3.24763E-01
8.09998E+00 -3.95001E-01 -1.30196E-05 -3.19759E-01
8.19998E+00 -3.90001E-01 -1.26781E-05 -3.14737E-01
8.29998E+00 -3.85001E-01 -1.23371E-05 -3.09757E-01
8.39998E+00 -3.80001E-01 -1.20059E-05 -3.04746E-01
8.49998E+00 -3.75001E-01 -1.16968E-05 -2.99773E-01
8.59998E+00 -3.70001E-01 -1.13927E-05 -2.94774E-01
8.69998E+00 -3.65001E-01 -1.10720E-05 -2.89742E-01
8.79998E+00 -3.60001E-01 -1.06877E-05 -2.84767E-01
8.89998E+00 -3.55001E-01 -1.03158E-05 -2.79743E-01
8.99998E+00 -3.50001E-01 -9.93435E-06 -2.74734E-01
9.09998E+00 -3.45001E-01 -9.64409E-06 -2.69728E-01
9.19998E+00 -3.40001E-01 -9.34254E-06 -2.64719E-01
9.29998E+00 -3.35001E-01 -9.02125E-06 -2.59757E-01
9.39998E+00 -3.30001E-01 -8.71750E-06 -2.54729E-01
9.49998E+00 -3.25001E-01 -8.44149E-06 -2.49724E-01
9.59998E+00 -3.20001E-01 -8.11384E-06 -2.44725E-01
9.69998E+00 -3.15001E-01 -7.79402E-06 -2.39747E-01
9.79998E+00 -3.10001E-01 -7.53653E-06 -2.34729E-01
9.89998E+00 -3.05001E-01 -7.22533E-06 -2.29713E-01
9.99997E+00 -3.00001E-01 -6.85745E-06 -2.24725E-01
1.01000E+01 -2.95001E-01 -6.41320E-06 -2.19714E-01
1.02000E+01 -2.90001E-01 -6.13217E-06 -2.14715E-01
1.03000E+01 -2.85001E-01 -5.87121E-06 -2.09669E-01
1.04000E+01 -2.80001E-01 -5.63149E-06 -2.04713E-01
1.05000E+01 -2.75001E-01 -5.35286E-06 -1.99714E-01
1.06000E+01 -2.70001E-01 -5.00634E-06 -1.94677E-01
1.07000E+01 -2.65001E-01 -4.72849E-06 -1.89686E-01
1.08000E+01 -2.60001E-01 -4.40229E-06 -1.84692E-01
1.09000E+01 -2.55001E-01 -4.09546E-06 -1.79689E-01
1.10000E+01 -2.50001E-01 -3.85587E-06 -1.74686E-01
1.11000E+01 -2.45001E-01 -3.59774E-06 -1.69678E-01
1.12000E+01 -2.40001E-01 -3.20541E-06 -1.64674E-01
1.13000E+01 -2.35001E-01 -2.91056E-06 -1.59670E-01
1.14000E+01 -2.30001E-01 -2.64366E-06 -1.54673E-01
1.15000E+01 -2.25001E-01 -2.38515E-06 -1.49648E-01
1.16000E+01 -2.20001E-01 -2.09979E-06 -1.44689E-01
1.17000E+01 -2.15001E-01 -1.81618E-06 -1.39671E-01
1.18000E+01 -2.10001E-01 -1.54268E-06 -1.34662E-01
1.19000E+01 -2.05001E-01 -1.27802E-06 -1.29650E-01
1.20000E+01 -2.00002E-01 -1.03603E-06 -1.24673E-01
1.21000E+01 -1.95002E-01 -7.92734E-07 -1.19675E-01
1.22000E+01 -1.90002E-01 -4.97419E-07 -1.14660E-01
1.23000E+01 -1.85002E-01 -2.46805E-07 -1.09637E-01
1.24000E+01 -1.80002E-01 -6.25896E-09 -1.04670E-01
1.25000E+01 -1.75002E-01 2.29420E-07  -9.96523E-02
1.26000E+01 -1.70002E-01 4.67433E-07  -9.46339E-02
1.27000E+01 -1.65002E-01 7.06869E-07  -8.96455E-02
1.28000E+01 -1.60002E-01 9.37439E-07  -8.46813E-02
1.29000E+01 -1.55002E-01 1.16444E-06  -7.96455E-02
1.30000E+01 -1.50002E-01 1.40598E-06  -7.46514E-02
1.31000E+01 -1.45002E-01 1.64180E-06  -6.96399E-02
1.32000E+01 -1.40002E-01 1.87990E-06  -6.46352E-02
1.33000E+01 -1.35002E-01 2.16924E-06  -5.96462E-02
1.34000E+01 -1.30002E-01 2.45391E-06  -5.46253E-02
1.35000E+01 -1.25002E-01 2.74503E-06  -4.96156E-02
1.36000E+01 -1.20002E-01 3.00952E-06  -4.46334E-02
1.37000E+01 -1.15002E-01 3.26385E-06  -3.96263E-02
1.38000E+01 -1.10002E-01 3.71306E-06  -3.46128E-02
1.39000E+01 -1.05002E-01 4.14074E-06  -2.96013E-02
1.40000E+01 -1.00002E-01 4.50056E-06  -2.46017E-02
1.41000E+01 -9.50018E-02 5.05258E-06  -1.96338E-02
1.42000E+01 -9.00018E-02 5.63161E-06  -1.46323E-02
1.43000E+01 -8.50018E-02 6.04136E-06  -9.61511E-03
1.44000E+01 -8.00018E-02 6.47009E-06  -4.60480E-03
1.45000E+01 -7.50018E-02 6.99735E-06  4.11684E-04 
1.46000E+01 -7.00018E-02 7.54638E-06  5.39324E-03 
1.47000E+01 -6.50018E-02 8.06406E-06  1.04085E-02 
1.48000E+01 -6.00019E-02 8.71399E-06  1.54138E-02 
1.49000E+01 -5.50019E-02 9.43281E-06  2.04247E-02 
1.50000E+01 -5.00019E-02 1.02797E-05  2.54144E-02 
1.51000E+01 -4.50019E-02 1.10990E-05  3.04234E-02 
1.52000E+01 -4.00019E-02 1.19279E-05  3.54200E-02 
1.53000E+01 -3.50019E-02 1.27901E-05  4.04471E-02 
1.54000E+01 -3.00019E-02 1.36925E-05  4.54406E-02 
1.55000E+01 -2.50019E-02 1.46576E-05  5.04271E-02 
1.56000E+01 -2.00020E-02 1.56782E-05  5.54443E-02 
1.57000E+01 -1.50020E-02 1.67432E-05  6.04415E-02 
1.58000E+01 -1.00020E-02 1.78608E-05  6.54417E-02 
1.59000E+01 -5.00199E-03 1.90255E-05  7.04102E-02 
1.60000E+01 -2.00000E-06 2.02509E-05  7.54217E-02 
1.61000E+01 4.99799E-03  2.15260E-05  8.04458E-02 
1.62000E+01 9.99797E-03  2.29114E-05  8.54317E-02 
1.63000E+01 1.49980E-02  2.42825E-05  9.04282E-02 
1.64000E+01 1.99979E-02  2.57113E-05  9.54423E-02 
1.65000E+01 2.49979E-02  2.71953E-05  1.00452E-01 
1.66000E+01 2.99979E-02  2.87301E-05  1.05453E-01 
1.67000E+01 3.49979E-02  3.02867E-05  1.10444E-01 
1.68000E+01 3.99979E-02  3.18781E-05  1.15448E-01 
1.69000E+01 4.49979E-02  3.34968E-05  1.20450E-01 
1.70000E+01 4.99979E-02  3.51535E-05  1.25449E-01 
1.71000E+01 5.49979E-02  3.68440E-05  1.30440E-01 
1.72000E+01 5.99978E-02  3.85607E-05  1.35456E-01 
1.73000E+01 6.49978E-02  4.03009E-05  1.40458E-01 
1.74000E+01 6.99978E-02  4.20897E-05  1.45475E-01 
1.75000E+01 7.49978E-02  4.39111E-05  1.50464E-01 
1.76000E+01 7.99978E-02  4.57247E-05  1.55458E-01 
1.77000E+01 8.49978E-02  4.75557E-05  1.60480E-01 
1.78000E+01 8.99978E-02  4.93986E-05  1.65473E-01 
1.79000E+01 9.49978E-02  5.12882E-05  1.70488E-01 
1.80000E+01 9.99977E-02  5.31625E-05  1.75496E-01 
1.81000E+01 1.04998E-01  5.50920E-05  1.80477E-01 
1.82000E+01 1.09998E-01  5.70542E-05  1.85458E-01 
1.83000E+01 1.14998E-01  5.91528E-05  1.90478E-01 
1.84000E+01 1.19998E-01  6.13750E-05  1.95484E-01 
1.85000E+01 1.24998E-01  6.35388E-05  2.00500E-01 
1.86000E+01 1.29998E-01  6.56994E-05  2.05469E-01 
1.87000E+01 1.34998E-01  6.75401E-05  2.10466E-01 
1.88000E+01 1.39998E-01  6.91887E-05  2.15507E-01 
1.89000E+01 1.44998E-01  7.11040E-05  2.20506E-01 
1.90000E+01 1.49998E-01  7.31372E-05  2.25500E-01 
1.91000E+01 1.54998E-01  7.51833E-05  2.30481E-01 
1.92000E+01 1.59998E-01  7.73556E-05  2.35494E-01 
1.93000E+01 1.64998E-01  7.95420E-05  2.40506E-01 
1.94000E+01 1.69998E-01  8.17642E-05  2.45494E-01 
1.95000E+01 1.74998E-01  8.40668E-05  2.50490E-01 
1.96000E+01 1.79998E-01  8.63445E-05  2.55505E-01 
1.97000E+01 1.84998E-01  8.87244E-05  2.60531E-01 
1.98000E+01 1.89998E-01  9.09449E-05  2.65536E-01 
1.99000E+01 1.94998E-01  9.31467E-05  2.70533E-01 
1.99999E+01 1.99997E-01  9.53474E-05  2.75540E-01 
2.00999E+01 2.04997E-01  9.74630E-05  2.80525E-01 
2.01999E+01 2.09997E-01  9.95281E-05  2.85555E-01 
2.02999E+01 2.14997E-01  1.01544E-04  2.90526E-01 
2.03999E+01 2.19997E-01  1.03565E-04  2.95542E-01 
2.04999E+01 2.24997E-01  1.05562E-04  3.00543E-01 
2.05999E+01 2.29997E-01  1.07501E-04  3.05548E-01 
2.06999E+01 2.34997E-01  1.09290E-04  3.10568E-01 
2.07999E+01 2.39997E-01  1.10949E-04  3.15566E-01 
2.08999E+01 2.44997E-01  1.12545E-04  3.20560E-01 
2.09999E+01 2.49997E-01  1.14076E-04  3.25574E-01 
2.10999E+01 2.54997E-01  1.15456E-04  3.30586E-01 
2.11999E+01 2.59997E-01  1.16641E-04  3.35575E-01 
2.12999E+01 2.64997E-01  1.17680E-04  3.40606E-01 
2.13999E+01 2.69997E-01  1.18500E-04  3.45576E-01 
2.14999E+01 2.74997E-01  1.19056E-04  3.50582E-01 
2.15999E+01 2.79997E-01  1.19562E-04  3.55598E-01 
2.16999E+01 2.84997E-01  1.19898E-04  3.60599E-01 
2.17999E+01 2.89997E-01  1.20152E-04  3.65592E-01 
2.18999E+01 2.94997E-01  1.20133E-04  3.70621E-01 
2.19999E+01 2.99997E-01  1.19718E-04  3.75611E-01 
2.20999E+01 3.04997E-01  1.18863E-04  3.80601E-01 
2.21999E+01 3.09997E-01  1.17532E-04  3.85589E-01 
2.22999E+01 3.14997E-01  1.15913E-04  3.90621E-01 
2.23999E+01 3.19997E-01  1.13931E-04  3.95625E-01 
2.24999E+01 3.24997E-01  1.11253E-04  4.00592E-01 
2.25999E+01 3.29997E-01  1.07424E-04  4.05606E-01 
2.26999E+01 3.34997E-01  1.01954E-04  4.10592E-01 
2.27999E+01 3.39997E-01  9.53700E-05  4.15614E-01 
2.28999E+01 3.44997E-01  8.79445E-05  4.20584E-01 
2.29999E+01 3.49997E-01  7.98045E-05  4.25597E-01 
2.30999E+01 3.54997E-01  7.25623E-05  4.30587E-01 
2.31999E+01 3.59997E-01  6.65017E-05  4.35611E-01 
2.32999E+01 3.64997E-01  6.13452E-05  4.40596E-01 
2.33999E+01 3.69997E-01  5.67023E-05  4.45613E-01 
2.34999E+01 3.74997E-01  5.27384E-05  4.50606E-01 
2.35999E+01 3.79997E-01  4.96903E-05  4.55642E-01 
2.36999E+01 3.84997E-01  4.72963E-05  4.60631E-01 
2.37999E+01 3.89997E-01  4.54634E-05  4.65650E-01 
2.38999E+01 3.94997E-01  4.36789E-05  4.70652E-01 
2.39999E+01 3.99997E-01  4.23229E-05  4.75655E-01 
2.40999E+01 4.04997E-01  4.14550E-05  4.80650E-01 
2.41999E+01 4.09997E-01  4.05804E-05  4.85689E-01 
2.42999E+01 4.14997E-01  3.98330E-05  4.90672E-01 
2.43999E+01 4.19997E-01  3.92160E-05  4.95675E-01 
2.44999E+01 4.24997E-01  3.89821E-05  5.00650E-01 
2.45999E+01 4.29997E-01  3.85488E-05  5.05657E-01 
2.46999E+01 4.34997E-01  3.83704E-05  5.10683E-01 
2.47999E+01 4.39997E-01  3.83864E-05  5.15688E-01 
2.48999E+01 4.44997E-01  3.81896E-05  5.20653E-01 
2.49999E+01 4.49997E-01  3.83386E-05  5.25682E-01 
2.50999E+01 4.54997E-01  3.85790E-05  5.30684E-01 
2.51999E+01 4.59997E-01  3.89291E-05  5.35702E-01 
2.52999E+01 4.64997E-01  3.93393E-05  5.40670E-01 
2.53999E+01 4.69997E-01  3.98051E-05  5.45705E-01 
2.54999E+01 4.74997E-01  4.03239E-05  5.50720E-01 
2.55999E+01 4.79997E-01  4.09353E-05  5.55705E-01 
2.56999E+01 4.84997E-01  4.16348E-05  5.60691E-01 
2.57999E+01 4.89997E-01  4.23373E-05  5.65700E-01 
2.58999E+01 4.94997E-01  4.30943E-05  5.70713E-01 
2.59999E+01 4.99997E-01  4.38870E-05  5.75719E-01 
2.60999E+01 5.04997E-01  4.46949E-05  5.80710E-01 
2.61999E+01 5.09997E-01  4.55173E-05  5.85709E-01 
2.62999E+01 5.14997E-01  4.63740E-05  5.90729E-01 
2.63999E+01 5.19997E-01  4.72573E-05  5.95747E-01 
2.64999E+01 5.24997E-01  4.81456E-05  6.00747E-01 
2.65999E+01 5.29997E-01  4.90597E-05  6.05716E-01 
2.66999E+01 5.34997E-01  5.00001E-05  6.10742E-01 
2.67999E+01 5.39997E-01  5.09704E-05  6.15740E-01 
2.68999E+01 5.44997E-01  5.19224E-05  6.20738E-01 
2.69999E+01 5.49997E-01  5.28423E-05  6.25736E-01 
2.70999E+01 5.54997E-01  5.37835E-05  6.30737E-01 
2.71999E+01 5.59997E-01  5.46933E-05  6.35760E-01 
2.72999E+01 5.64997E-01  5.55571E-05  6.40753E-01 
2.73999E+01 5.69997E-01  5.64142E-05  6.45741E-01 
2.74999E+01 5.74997E-01  5.72554E-05  6.50751E-01 
2.75999E+01 5.79997E-01  5.80572E-05  6.55777E-01 
2.76999E+01 5.84997E-01  5.88608E-05  6.60768E-01 
2.77999E+01 5.89997E-01  5.96357E-05  6.65749E-01 
2.78999E+01 5.94997E-01  6.03684E-05  6.70762E-01 
2.79999E+01 5.99996E-01  6.10756E-05  6.75773E-01 
2.80999E+01 6.04996E-01  6.17383E-05  6.80766E-01 
2.81999E+01 6.09996E-01  6.23619E-05  6.85761E-01 
2.82999E+01 6.14996E-01  6.29352E-05  6.90730E-01 
2.83999E+01 6.19996E-01  6.34742E-05  6.95744E-01 
2.84999E+01 6.24996E-01  6.39495E-05  7.00773E-01 
2.85999E+01 6.29996E-01  6.43689E-05  7.05761E-01 
2.86999E+01 6.34996E-01  6.47640E-05  7.10768E-01 
2.87999E+01 6.39996E-01  6.50960E-05  7.15777E-01 
2.88999E+01 6.44996E-01  6.53732E-05  7.20783E-01 
2.89999E+01 6.49996E-01  6.55803E-05  7.25792E-01 
2.90999E+01 6.54996E-01  6.57078E-05  7.30765E-01 
2.91999E+01 6.59996E-01  6.57509E-05  7.35802E-01 
2.92999E+01 6.64996E-01  6.57024E-05  7.40784E-01 
2.93999E+01 6.69996E-01  6.55634E-05  7.45786E-01 
2.94999E+01 6.74996E-01  6.53046E-05  7.50775E-01 
2.95999E+01 6.79996E-01  6.49181E-05  7.55799E-01 
2.96999E+01 6.84996E-01  6.43862E-05  7.60793E-01 
2.97999E+01 6.89996E-01  6.37253E-05  7.65810E-01 
2.98999E+01 6.94996E-01  6.28778E-05  7.70785E-01 
2.99999E+01 6.99996E-01  6.18265E-05  7.75807E-01 
3.00999E+01 7.04996E-01  6.05562E-05  7.80822E-01 
3.01999E+01 7.09996E-01  5.90835E-05  7.85829E-01 
3.02999E+01 7.14996E-01  5.74130E-05  7.90841E-01 
3.03999E+01 7.19996E-01  5.55388E-05  7.95873E-01 
3.04999E+01 7.24996E-01  5.35053E-05  8.00859E-01 
3.05999E+01 7.29996E-01  5.13820E-05  8.05843E-01 
3.06999E+01 7.34996E-01  4.91860E-05  8.10866E-01 
3.07999E+01 7.39996E-01  4.71095E-05  8.15866E-01 
3.08999E+01 7.44996E-01  4.52659E-05  8.20863E-01 
3.09999E+01 7.49996E-01  4.38030E-05  8.25839E-01 
3.10999E+01 7.54996E-01  4.26097E-05  8.30872E-01 
3.11999E+01 7.59996E-01  4.17246E-05  8.35881E-01 
3.12999E+01 7.64996E-01  4.10463E-05  8.40869E-01 
3.13999E+01 7.69996E-01  4.05449E-05  8.45839E-01 
3.14999E+01 7.74996E-01  4.01735E-05  8.50877E-01 
3.15999E+01 7.79996E-01  3.98945E-05  8.55864E-01 
3.16999E+01 7.84996E-01  3.96812E-05  8.60888E-01 
3.17999E+01 7.89996E-01  3.95043E-05  8.65849E-01 
3.18999E+01 7.94996E-01  3.93597E-05  8.70874E-01 
3.19999E+01 7.99996E-01  3.92517E-05  8.75874E-01 
3.20999E+01 8.04996E-01  3.91788E-05  8.80873E-01 
3.21999E+01 8.09996E-01  3.91293E-05  8.85868E-01 
3.22999E+01 8.14996E-01  3.90895E-05  8.90882E-01 
3.23999E+01 8.19996E-01  3.90329E-05  8.95904E-01 
3.24999E+01 8.24996E-01  3.89852E-05  9.00914E-01 
3.25999E+01 8.29996E-01  3.89585E-05  9.05902E-01 
3.26999E+01 8.34996E-01  3.89445E-05  9.10904E-01 
3.27999E+01 8.39996E-01  3.89519E-05  9.15923E-01 
3.28999E+01 8.44996E-01  3.89642E-05  9.20911E-01 
3.29999E+01 8.49996E-01  3.90005E-05  9.25897E-01 
3.30999E+01 8.54996E-01  3.90149E-05  9.30908E-01 
3.31999E+01 8.59996E-01  3.90310E-05  9.35912E-01 
3.32999E+01 8.64996E-01  3.90416E-05  9.40905E-01 
3.33999E+01 8.69996E-01  3.90422E-05  9.45920E-01 
3.34999E+01 8.74996E-01  3.90178E-05  9.50920E-01 
3.35999E+01 8.79996E-01  3.90333E-05  9.55923E-01 
3.36999E+01 8.84996E-01  3.90333E-05  9.60896E-01 
3.37999E+01 8.89996E-01  3.90375E-05  9.65913E-01 
3.38999E+01 8.94996E-01  3.90246E-05  9.70931E-01 
3.39999E+01 8.99996E-01  3.90382E-05  9.75929E-01 
3.40999E+01 9.04996E-01  3.89990E-05  9.80923E-01 
3.41999E+01 9.09996E-01  3.89717E-05  9.85906E-01 
3.42999E+01 9.14996E-01  3.89499E-05  9.90928E-01 
3.43999E+01 9.19996E-01  3.89727E-05  9.95918E-01 
3.44999E+01 9.24996E-01  3.89935E-05  1.00093E+00 
3.45999E+01 9.29996E-01  3.90267E-05  1.00594E+00 
3.46999E+01 9.34996E-01  3.90764E-05  1.01094E+00 
3.47999E+01 9.39996E-01  3.91450E-05  1.01596E+00 
3.48999E+01 9.44996E-01  3.92369E-05  1.02093E+00 
3.49999E+01 9.49996E-01  3.93753E-05  1.02593E+00 
3.50999E+01 9.54996E-01  3.95087E-05  1.03095E+00 
3.51999E+01 9.59996E-01  3.96516E-05  1.03596E+00 
3.52999E+01 9.64996E-01  3.98225E-05  1.04093E+00 
3.53999E+01 9.69996E-01  3.99930E-05  1.04595E+00 
3.54999E+01 9.74996E-01  4.01723E-05  1.05098E+00 
3.55999E+01 9.79996E-01  4.03835E-05  1.05597E+00 
3.56999E+01 9.84996E-01  4.06002E-05  1.06095E+00 
3.57999E+01 9.89996E-01  4.08135E-05  1.06597E+00 
3.58999E+01 9.94996E-01  4.10820E-05  1.07096E+00 
3.59999E+01 9.99995E-01  4.12708E-05  1.07597E+00 
3.60999E+01 1.00500E+00  4.15091E-05  1.08096E+00 
3.61999E+01 1.01000E+00  4.17644E-05  1.08597E+00 
3.62999E+01 1.01500E+00  4.20583E-05  1.09099E+00 
3.63999E+01 1.02000E+00  4.22924E-05  1.09601E+00 
3.64999E+01 1.02500E+00  4.25595E-05  1.10099E+00 
3.65999E+01 1.03000E+00  4.28137E-05  1.10600E+00 
3.66999E+01 1.03500E+00  4.30762E-05  1.11098E+00 
3.67999E+01 1.04000E+00  4.33814E-05  1.11600E+00 
3.68999E+01 1.04500E+00  4.36808E-05  1.12102E+00 
3.69999E+01 1.05000E+00  4.39804E-05  1.12602E+00 
3.70999E+01 1.05500E+00  4.42623E-05  1.13103E+00 
3.71999E+01 1.06000E+00  4.45642E-05  1.13601E+00 
3.72999E+01 1.06500E+00  4.48675E-05  1.14104E+00 
3.73999E+01 1.07000E+00  4.51777E-05  1.14607E+00 
3.74999E+01 1.07500E+00  4.54934E-05  1.15104E+00 
3.75999E+01 1.08000E+00  4.57702E-05  1.15604E+00 
3.76999E+01 1.08500E+00  4.65262E-05  1.16103E+00 
3.77999E+01 1.09000E+00  4.67634E-05  1.16605E+00 
3.78999E+01 1.09500E+00  4.71366E-05  1.17104E+00 
3.79999E+01 1.10000E+00  4.75188E-05  1.17605E+00 
3.80999E+01 1.10500E+00  4.78916E-05  1.18104E+00 
3.81999E+01 1.11000E+00  4.82765E-05  1.18603E+00 
3.82999E+01 1.11500E+00  4.87193E-05  1.19104E+00 
3.83999E+01 1.12000E+00  4.90926E-05  1.19607E+00 
3.84999E+01 1.12500E+00  4.94893E-05  1.20105E+00 
3.85999E+01 1.13000E+00  4.98770E-05  1.20603E+00 
3.86999E+01 1.13500E+00  5.02727E-05  1.21105E+00 
3.87999E+01 1.14000E+00  5.06740E-05  1.21606E+00 
3.88999E+01 1.14500E+00  5.10841E-05  1.22104E+00 
3.89999E+01 1.15000E+00  5.14786E-05  1.22606E+00 
3.90999E+01 1.15500E+00  5.19417E-05  1.23107E+00 
3.91999E+01 1.16000E+00  5.23139E-05  1.23607E+00 
3.92999E+01 1.16500E+00  5.27487E-05  1.24106E+00 
3.93999E+01 1.17000E+00  5.31605E-05  1.24608E+00 
3.94999E+01 1.17500E+00  5.35910E-05  1.25106E+00 
3.95999E+01 1.18000E+00  5.40051E-05  1.25606E+00 
3.96999E+01 1.18500E+00  5.44152E-05  1.26105E+00 
3.97999E+01 1.19000E+00  5.48412E-05  1.26608E+00 
3.98999E+01 1.19500E+00  5.55196E-05  1.27108E+00 
3.99999E+01 1.19999E+00  5.57216E-05  1.27610E+00 
4.00999E+01 1.20499E+00  5.61613E-05  1.28110E+00 
4.01999E+01 1.20999E+00  5.66147E-05  1.28610E+00 
4.02999E+01 1.21499E+00  5.70511E-05  1.29111E+00 
4.03999E+01 1.21999E+00  5.75483E-05  1.29612E+00 
4.04999E+01 1.22499E+00  5.80451E-05  1.30110E+00 
4.05999E+01 1.22999E+00  5.85867E-05  1.30610E+00 
4.06999E+01 1.23499E+00  5.90632E-05  1.31112E+00 
4.07999E+01 1.23999E+00  5.96040E-05  1.31612E+00 
4.08999E+01 1.24499E+00  6.01393E-05  1.32111E+00 
4.09999E+01 1.24999E+00  6.07156E-05  1.32611E+00 
4.10999E+01 1.25499E+00  6.12846E-05  1.33110E+00 
4.11999E+01 1.25999E+00  6.18661E-05  1.33614E+00 
4.12999E+01 1.26499E+00  6.24428E-05  1.34112E+00 
4.13999E+01 1.26999E+00  6.30180E-05  1.34614E+00 
4.14999E+01 1.27499E+00  6.36333E-05  1.35111E+00 
4.15999E+01 1.27999E+00  6.42986E-05  1.35613E+00 
4.16999E+01 1.28499E+00  6.48848E-05  1.36112E+00 
4.17999E+01 1.28999E+00  6.55200E-05  1.36610E+00 
4.18999E+01 1.29499E+00  6.62008E-05  1.37113E+00 
4.19999E+01 1.29999E+00  6.69242E-05  1.37612E+00 
4.20999E+01 1.30499E+00  6.77089E-05  1.38116E+00 
4.21999E+01 1.30999E+00  6.85411E-05  1.38615E+00 
4.22999E+01 1.31499E+00  6.94903E-05  1.39114E+00 
4.23999E+01 1.31999E+00  7.05040E-05  1.39616E+00 
4.24999E+01 1.32499E+00  7.16193E-05  1.40116E+00 
4.25999E+01 1.32999E+00  7.27954E-05  1.40616E+00 
4.26999E+01 1.33499E+00  7.40687E-05  1.41111E+00 
4.27999E+01 1.33999E+00  7.54103E-05  1.41615E+00 
4.28999E+01 1.34499E+00  7.68323E-05  1.42117E+00 
4.29999E+01 1.34999E+00  7.83259E-05  1.42619E+00 
4.30999E+01 1.35499E+00  7.99159E-05  1.43119E+00 
4.31999E+01 1.35999E+00  8.15853E-05  1.43620E+00 
4.32999E+01 1.36499E+00  8.33355E-05  1.44119E+00 
4.33999E+01 1.36999E+00  8.51642E-05  1.44620E+00 
4.34999E+01 1.37499E+00  8.70278E-05  1.45120E+00 
4.35999E+01 1.37999E+00  8.89500E-05  1.45618E+00 
4.36999E+01 1.38499E+00  9.09756E-05  1.46121E+00 
4.37999E+01 1.38999E+00  9.30801E-05  1.46617E+00 
4.38999E+01 1.39499E+00  9.52468E-05  1.47122E+00 
4.39999E+01 1.39999E+00  9.74551E-05  1.47622E+00 
4.40999E+01 1.40499E+00  9.97372E-05  1.48120E+00 
4.41999E+01 1.40999E+00  1.02101E-04  1.48619E+00 
4.42999E+01 1.41499E+00  1.04564E-04  1.49123E+00 
4.43999E+01 1.41999E+00  1.07117E-04  1.49625E+00 
4.44999E+01 1.42499E+00  1.09746E-04  1.50123E+00 
4.45999E+01 1.42999E+00  1.12447E-04  1.50619E+00 
4.46999E+01 1.43499E+00  1.15200E-04  1.51121E+00 
4.47999E+01 1.43999E+00  1.17998E-04  1.51621E+00 
4.48999E+01 1.44499E+00  1.20866E-04  1.52122E+00 
4.49999E+01 1.44999E+00  1.23814E-04  1.52621E+00 
4.50999E+01 1.45499E+00  1.26836E-04  1.53121E+00 
4.51999E+01 1.45999E+00  1.29918E-04  1.53624E+00 
4.52999E+01 1.46499E+00  1.33014E-04  1.54121E+00 
4.53999E+01 1.46999E+00  1.36154E-04  1.54620E+00 
4.54999E+01 1.47499E+00  1.39330E-04  1.55123E+00 
4.55999E+01 1.47999E+00  1.42534E-04  1.55623E+00 
4.56999E+01 1.48499E+00  1.45751E-04  1.56124E+00 
4.57999E+01 1.48999E+00  1.49040E-04  1.56623E+00 
4.58999E+01 1.49499E+00  1.52342E-04  1.57122E+00 
4.59999E+01 1.49999E+00  1.55764E-04  1.57625E+00 
4.60999E+01 1.50499E+00  1.59290E-04  1.58125E+00 
4.61999E+01 1.50999E+00  1.62801E-04  1.58625E+00 
4.62999E+01 1.51499E+00  1.66205E-04  1.59124E+00 
4.63999E+01 1.51999E+00  1.69314E-04  1.59625E+00 
4.64999E+01 1.52499E+00  1.72588E-04  1.60126E+00 
4.65999E+01 1.52999E+00  1.76008E-04  1.60629E+00 
4.66999E+01 1.53499E+00  1.79476E-04  1.61127E+00 
4.67999E+01 1.53999E+00  1.83074E-04  1.61628E+00 
4.68999E+01 1.54499E+00  1.86582E-04  1.62127E+00 
4.69999E+01 1.54999E+00  1.90052E-04  1.62628E+00 
4.70999E+01 1.55499E+00  1.93558E-04  1.63129E+00 
4.71999E+01 1.55999E+00  1.97123E-04  1.63627E+00 
4.72999E+01 1.56499E+00  2.00762E-04  1.64128E+00 
4.73999E+01 1.56999E+00  2.04287E-04  1.64632E+00 
4.74999E+01 1.57499E+00  2.07879E-04  1.65130E+00 
4.75999E+01 1.57999E+00  2.11507E-04  1.65630E+00 
4.76999E+01 1.58499E+00  2.15628E-04  1.66128E+00 
4.77999E+01 1.58999E+00  2.19118E-04  1.66629E+00 
4.78999E+01 1.59499E+00  2.22625E-04  1.67132E+00 
4.79999E+01 1.59999E+00  2.26239E-04  1.67633E+00 
4.80999E+01 1.60499E+00  2.29837E-04  1.68134E+00 
4.81999E+01 1.60999E+00  2.33379E-04  1.68633E+00 
4.82999E+01 1.61499E+00  2.36907E-04  1.69133E+00 
4.83999E+01 1.61999E+00  2.40455E-04  1.69631E+00 
4.84999E+01 1.62499E+00  2.44000E-04  1.70132E+00 
4.85999E+01 1.62999E+00  2.47472E-04  1.70635E+00 
4.86999E+01 1.63499E+00  2.51064E-04  1.71133E+00 
4.87999E+01 1.63999E+00  2.54754E-04  1.71631E+00 
4.88999E+01 1.64499E+00  2.58245E-04  1.72130E+00 
4.89999E+01 1.64999E+00  2.61754E-04  1.72634E+00 
4.90999E+01 1.65499E+00  2.65179E-04  1.73133E+00 
4.91999E+01 1.65999E+00  2.68714E-04  1.73632E+00 
4.92999E+01 1.66499E+00  2.72202E-04  1.74131E+00 
4.93999E+01 1.66999E+00  2.75818E-04  1.74634E+00 
4.94999E+01 1.67499E+00  2.79029E-04  1.75134E+00 
4.95999E+01 1.67999E+00  2.82420E-04  1.75635E+00 
4.96999E+01 1.68499E+00  2.86173E-04  1.76138E+00 
4.97999E+01 1.68999E+00  2.89527E-04  1.76636E+00 
4.98999E+01 1.69499E+00  2.92888E-04  1.77138E+00 
4.99999E+01 1.69999E+00  2.96283E-04  1.77639E+00 
5.00999E+01 1.70499E+00  2.99611E-04  1.78138E+00 
5.01999E+01 1.70999E+00  3.02977E-04  1.78640E+00 
5.02999E+01 1.71499E+00  3.06328E-04  1.79139E+00 
5.03999E+01 1.71999E+00  3.09713E-04  1.79639E+00 
5.04999E+01 1.72499E+00  3.12965E-04  1.80140E+00 
5.05999E+01 1.72999E+00  3.15996E-04  1.80639E+00 
5.06999E+01 1.73499E+00  3.18879E-04  1.81140E+00 
5.07999E+01 1.73999E+00  3.21804E-04  1.81638E+00 
5.08999E+01 1.74499E+00  3.24950E-04  1.82139E+00 
5.09999E+01 1.74999E+00  3.28173E-04  1.82643E+00 
5.10999E+01 1.75499E+00  3.31261E-04  1.83142E+00 
5.11999E+01 1.75999E+00  3.34435E-04  1.83640E+00 
5.12999E+01 1.76499E+00  3.37678E-04  1.84139E+00 
5.13999E+01 1.76999E+00  3.40626E-04  1.84640E+00 
5.14999E+01 1.77499E+00  3.43535E-04  1.85141E+00 
5.15999E+01 1.77999E+00  3.46295E-04  1.85642E+00 
5.16999E+01 1.78499E+00  3.48764E-04  1.86142E+00 
5.17999E+01 1.78999E+00  3.51056E-04  1.86642E+00 
5.18999E+01 1.79499E+00  3.53676E-04  1.87141E+00 
5.19999E+01 1.79999E+00  3.56121E-04  1.87643E+00 
5.20999E+01 1.79499E+00  3.49053E-04  1.87141E+00 
5.21999E+01 1.78999E+00  3.42555E-04  1.86643E+00 
5.22999E+01 1.78499E+00  3.36893E-04  1.86141E+00 
5.23999E+01 1.77999E+00  3.30941E-04  1.85640E+00 
5.24999E+01 1.77499E+00  3.24902E-04  1.85141E+00 
5.25999E+01 1.76999E+00  3.18957E-04  1.84642E+00 
5.26999E+01 1.76499E+00  3.13098E-04  1.84139E+00 
5.27999E+01 1.75999E+00  3.06993E-04  1.83637E+00 
5.28999E+01 1.75499E+00  3.01470E-04  1.83139E+00 
5.29999E+01 1.74999E+00  2.96030E-04  1.82639E+00 
5.30999E+01 1.74499E+00  2.90667E-04  1.82139E+00 
5.31999E+01 1.73999E+00  2.85296E-04  1.81638E+00 
5.32999E+01 1.73499E+00  2.80121E-04  1.81139E+00 
5.33999E+01 1.72999E+00  2.74923E-04  1.80641E+00 
5.34999E+01 1.72499E+00  2.69476E-04  1.80140E+00 
5.35999E+01 1.71999E+00  2.64422E-04  1.79639E+00 
5.36999E+01 1.71499E+00  2.59365E-04  1.79139E+00 
5.37999E+01 1.70999E+00  2.54330E-04  1.78642E+00 
5.38999E+01 1.70499E+00  2.49322E-04  1.78139E+00 
5.39999E+01 1.69999E+00  2.44435E-04  1.77640E+00 
5.40999E+01 1.69499E+00  2.39833E-04  1.77139E+00 
5.41999E+01 1.68999E+00  2.35097E-04  1.76642E+00 
5.42999E+01 1.68499E+00  2.30499E-04  1.76140E+00 
5.43999E+01 1.67999E+00  2.25945E-04  1.75638E+00 
5.44999E+01 1.67499E+00  2.21608E-04  1.75133E+00 
5.45999E+01 1.66999E+00  2.17046E-04  1.74637E+00 
5.46999E+01 1.66499E+00  2.12549E-04  1.74133E+00 
5.47999E+01 1.65999E+00  2.08614E-04  1.73632E+00 
5.48999E+01 1.65499E+00  2.04447E-04  1.73133E+00 
5.49999E+01 1.64999E+00  2.00421E-04  1.72633E+00 
5.50999E+01 1.64499E+00  1.96357E-04  1.72129E+00 
5.51999E+01 1.63999E+00  1.92122E-04  1.71633E+00 
5.52999E+01 1.63499E+00  1.87871E-04  1.71132E+00 
5.53999E+01 1.62999E+00  1.83444E-04  1.70630E+00 
5.54999E+01 1.62499E+00  1.79358E-04  1.70131E+00 
5.55999E+01 1.61999E+00  1.74866E-04  1.69632E+00 
5.56999E+01 1.61499E+00  1.70742E-04  1.69132E+00 
5.57999E+01 1.60999E+00  1.66927E-04  1.68631E+00 
5.58999E+01 1.60499E+00  1.63284E-04  1.68129E+00 
5.59999E+01 1.59999E+00  1.59819E-04  1.67629E+00 
5.60999E+01 1.59499E+00  1.55631E-04  1.67128E+00 
5.61999E+01 1.58999E+00  1.52532E-04  1.66632E+00 
5.62999E+01 1.58499E+00  1.48719E-04  1.66129E+00 
5.63999E+01 1.57999E+00  1.45436E-04  1.65629E+00 
5.64999E+01 1.57499E+00  1.41925E-04  1.65130E+00 
5.65999E+01 1.56999E+00  1.38672E-04  1.64628E+00 
5.66999E+01 1.56499E+00  1.35480E-04  1.64127E+00 
5.67999E+01 1.55999E+00  1.31829E-04  1.63627E+00 
5.68999E+01 1.55499E+00  1.27543E-04  1.63129E+00 
5.69999E+01 1.54999E+00  1.24250E-04  1.62629E+00 
5.70999E+01 1.54499E+00  1.20935E-04  1.62128E+00 
5.71999E+01 1.53999E+00  1.17982E-04  1.61625E+00 
5.72999E+01 1.53499E+00  1.15121E-04  1.61125E+00 
5.73999E+01 1.52999E+00  1.11303E-04  1.60628E+00 
5.74999E+01 1.52499E+00  1.08959E-04  1.60127E+00 
5.75999E+01 1.51999E+00  1.05972E-04  1.59626E+00 
5.76999E+01 1.51499E+00  1.03626E-04  1.59126E+00 
5.77999E+01 1.50999E+00  1.01291E-04  1.58624E+00 
5.78999E+01 1.50499E+00  9.89908E-05  1.58125E+00 
5.79999E+01 1.49999E+00  9.63848E-05  1.57625E+00 
5.80999E+01 1.49499E+00  9.32595E-05  1.57122E+00 
5.81999E+01 1.48999E+00  9.05780E-05  1.56623E+00 
5.82999E+01 1.48499E+00  8.72268E-05  1.56122E+00 
5.83999E+01 1.47999E+00  8.46115E-05  1.55624E+00 
5.84999E+01 1.47499E+00  8.23838E-05  1.55124E+00 
5.85999E+01 1.46999E+00  8.01962E-05  1.54623E+00 
5.86999E+01 1.46499E+00  7.81111E-05  1.54122E+00 
5.87999E+01 1.45999E+00  7.57612E-05  1.53625E+00 
5.88999E+01 1.45499E+00  7.34340E-05  1.53124E+00 
5.89999E+01 1.44999E+00  7.10216E-05  1.52624E+00 
5.90999E+01 1.44499E+00  6.86831E-05  1.52123E+00 
5.91999E+01 1.43999E+00  6.64444E-05  1.51624E+00 
5.92999E+01 1.43499E+00  6.42391E-05  1.51124E+00 
5.93999E+01 1.42999E+00  6.20303E-05  1.50621E+00 
5.94999E+01 1.42499E+00  5.99155E-05  1.50122E+00 
5.95999E+01 1.41999E+00  5.78284E-05  1.49623E+00 
5.96999E+01 1.41499E+00  5.58952E-05  1.49122E+00 
5.97999E+01 1.40999E+00  5.39985E-05  1.48621E+00 
5.98999E+01 1.40499E+00  5.21358E-05  1.48122E+00 
5.99998E+01 1.39999E+00  5.02251E-05  1.47622E+00 
6.00998E+01 1.39499E+00  4.84231E-05  1.47122E+00 
6.01998E+01 1.38999E+00  4.66908E-05  1.46621E+00 
6.02998E+01 1.38499E+00  4.49712E-05  1.46121E+00 
6.03998E+01 1.37999E+00  4.33007E-05  1.45621E+00 
6.04998E+01 1.37499E+00  4.16776E-05  1.45121E+00 
6.05998E+01 1.36999E+00  4.01404E-05  1.44620E+00 
6.06998E+01 1.36499E+00  3.86250E-05  1.44116E+00 
6.07998E+01 1.35999E+00  3.71436E-05  1.43620E+00 
6.08998E+01 1.35499E+00  3.52000E-05  1.43117E+00 
6.09998E+01 1.34999E+00  3.37936E-05  1.42617E+00 
6.10998E+01 1.34499E+00  3.24461E-05  1.42115E+00 
6.11998E+01 1.33999E+00  3.11622E-05  1.41615E+00 
6.12998E+01 1.33499E+00  2.99103E-05  1.41112E+00 
6.13998E+01 1.32999E+00  2.87234E-05  1.40613E+00 
6.14998E+01 1.32499E+00  2.75656E-05  1.40113E+00 
6.15998E+01 1.31999E+00  2.64728E-05  1.39614E+00 
6.16998E+01 1.31499E+00  2.54015E-05  1.39111E+00 
6.17998E+01 1.30999E+00  2.43825E-05  1.38613E+00 
6.18998E+01 1.30499E+00  2.33941E-05  1.38111E+00 
6.19998E+01 1.29999E+00  2.24557E-05  1.37612E+00 
6.20998E+01 1.29499E+00  2.15543E-05  1.37111E+00 
6.21998E+01 1.28999E+00  2.06955E-05  1.36612E+00 
6.22998E+01 1.28499E+00  1.98713E-05  1.36112E+00 
6.23998E+01 1.27999E+00  1.90823E-05  1.35611E+00 
6.24998E+01 1.27499E+00  1.83355E-05  1.35110E+00 
6.25998E+01 1.26999E+00  1.76206E-05  1.34610E+00 
6.26998E+01 1.26499E+00  1.69403E-05  1.34111E+00 
6.27998E+01 1.25999E+00  1.62844E-05  1.33614E+00 
6.28998E+01 1.25499E+00  1.56786E-05  1.33111E+00 
6.29998E+01 1.24999E+00  1.51080E-05  1.32609E+00 
6.30998E+01 1.24499E+00  1.45627E-05  1.32112E+00 
6.31998E+01 1.23999E+00  1.40463E-05  1.31612E+00 
6.32998E+01 1.23499E+00  1.35684E-05  1.31112E+00 
6.33998E+01 1.22999E+00  1.31097E-05  1.30609E+00 
6.34998E+01 1.22499E+00  1.26588E-05  1.30110E+00 
6.35998E+01 1.21999E+00  1.22379E-05  1.29613E+00 
6.36998E+01 1.21499E+00  1.18375E-05  1.29110E+00 
6.37998E+01 1.20999E+00  1.14436E-05  1.28609E+00 
6.38998E+01 1.20499E+00  1.11130E-05  1.28111E+00 
6.39998E+01 1.19999E+00  1.08188E-05  1.27611E+00 
6.40998E+01 1.19500E+00  1.05347E-05  1.27111E+00 
6.41998E+01 1.19000E+00  1.02688E-05  1.26608E+00 
6.42998E+01 1.18500E+00  1.00215E-05  1.26106E+00 
6.43998E+01 1.18000E+00  9.79732E-06  1.25606E+00 
6.44998E+01 1.17500E+00  9.51081E-06  1.25109E+00 
6.45998E+01 1.17000E+00  9.27947E-06  1.24607E+00 
6.46998E+01 1.16500E+00  9.08234E-06  1.24108E+00 
6.47998E+01 1.16000E+00  8.86439E-06  1.23609E+00 
6.48998E+01 1.15500E+00  8.66367E-06  1.23107E+00 
6.49998E+01 1.15000E+00  8.47434E-06  1.22605E+00 
6.50998E+01 1.14500E+00  8.27744E-06  1.22104E+00 
6.51998E+01 1.14000E+00  8.10430E-06  1.21604E+00 
6.52998E+01 1.13500E+00  7.94589E-06  1.21105E+00 
6.53998E+01 1.13000E+00  7.80325E-06  1.20604E+00 
6.54998E+01 1.12500E+00  7.64999E-06  1.20103E+00 
6.55998E+01 1.12000E+00  7.51339E-06  1.19604E+00 
6.56998E+01 1.11500E+00  7.38780E-06  1.19106E+00 
6.57998E+01 1.11000E+00  7.26725E-06  1.18605E+00 
6.58998E+01 1.10500E+00  7.14593E-06  1.18103E+00 
6.59998E+01 1.10000E+00  7.03496E-06  1.17605E+00 
6.60998E+01 1.09500E+00  6.92501E-06  1.17105E+00 
6.61998E+01 1.09000E+00  6.82879E-06  1.16602E+00 
6.62998E+01 1.08500E+00  6.72106E-06  1.16103E+00 
6.63998E+01 1.08000E+00  6.61544E-06  1.15603E+00 
6.64998E+01 1.07500E+00  6.46090E-06  1.15104E+00 
6.65998E+01 1.07000E+00  6.41834E-06  1.14604E+00 
6.66998E+01 1.06500E+00  6.34930E-06  1.14102E+00 
6.67998E+01 1.06000E+00  6.25697E-06  1.13605E+00 
6.68998E+01 1.05500E+00  6.20776E-06  1.13103E+00 
6.69998E+01 1.05000E+00  6.10591E-06  1.12602E+00 
6.70998E+01 1.04500E+00  6.02463E-06  1.12101E+00 
6.71998E+01 1.04000E+00  5.94732E-06  1.11599E+00 
6.72998E+01 1.03500E+00  5.89086E-06  1.11098E+00 
6.73998E+01 1.03000E+00  5.82435E-06  1.10598E+00 
6.74998E+01 1.02500E+00  5.75470E-06  1.10097E+00 
6.75998E+01 1.02000E+00  5.67694E-06  1.09600E+00 
6.76998E+01 1.01500E+00  5.62115E-06  1.09098E+00 
6.77998E+01 1.01000E+00  5.55430E-06  1.08598E+00 
6.78998E+01 1.00500E+00  5.48966E-06  1.08096E+00 
6.79998E+01 9.99995E-01  5.42623E-06  1.07597E+00 
6.80998E+01 9.94996E-01  5.35474E-06  1.07094E+00 
6.81998E+01 9.89996E-01  5.29573E-06  1.06595E+00 
6.82998E+01 9.84996E-01  5.23587E-06  1.06095E+00 
6.83998E+01 9.79996E-01  5.18329E-06  1.05596E+00 
6.84998E+01 9.74996E-01  5.13160E-06  1.05095E+00 
6.85998E+01 9.69996E-01  5.08803E-06  1.04595E+00 
6.86998E+01 9.64996E-01  5.02777E-06  1.04094E+00 
6.87998E+01 9.59996E-01  4.95826E-06  1.03593E+00 
6.88998E+01 9.54996E-01  4.90348E-06  1.03096E+00 
6.89998E+01 9.49996E-01  4.85464E-06  1.02595E+00 
6.90998E+01 9.44996E-01  4.79460E-06  1.02092E+00 
6.91998E+01 9.39996E-01  4.82832E-06  1.01596E+00 
6.92998E+01 9.34996E-01  4.80893E-06  1.01095E+00 
6.93998E+01 9.29996E-01  4.64876E-06  1.00594E+00 
6.94998E+01 9.24996E-01  4.56843E-06  1.00091E+00 
6.95998E+01 9.19996E-01  4.51065E-06  9.95939E-01 
6.96998E+01 9.14996E-01  4.46691E-06  9.90934E-01 
6.97998E+01 9.09996E-01  4.40857E-06  9.85932E-01 
6.98998E+01 9.04996E-01  4.35129E-06  9.80915E-01 
6.99998E+01 8.99996E-01  4.29915E-06  9.75929E-01 
7.00998E+01 8.94996E-01  4.25406E-06  9.70963E-01 
7.01998E+01 8.89996E-01  4.19847E-06  9.65943E-01 
7.02998E+01 8.84996E-01  4.14811E-06  9.60923E-01 
7.03998E+01 8.79996E-01  4.10715E-06  9.55928E-01 
7.04998E+01 8.74996E-01  4.06253E-06  9.50911E-01 
7.05998E+01 8.69996E-01  4.01112E-06  9.45914E-01 
7.06998E+01 8.64996E-01  3.90088E-06  9.40926E-01 
7.07998E+01 8.59996E-01  3.82760E-06  9.35911E-01 
7.08998E+01 8.54996E-01  3.75889E-06  9.30908E-01 
7.09998E+01 8.49996E-01  3.68965E-06  9.25901E-01 
7.10998E+01 8.44996E-01  3.63363E-06  9.20889E-01 
7.11998E+01 8.39996E-01  3.65104E-06  9.15908E-01 
7.12998E+01 8.34996E-01  3.64955E-06  9.10897E-01 
7.13998E+01 8.29996E-01  3.51841E-06  9.05900E-01 
7.14998E+01 8.24996E-01  3.44415E-06  9.00878E-01 
7.15998E+01 8.19996E-01  3.41141E-06  8.95897E-01 
7.16998E+01 8.14996E-01  3.33762E-06  8.90876E-01 
7.17998E+01 8.09996E-01  3.27269E-06  8.85875E-01 
7.18998E+01 8.04996E-01  3.21291E-06  8.80875E-01 
7.19998E+01 7.99996E-01  3.14313E-06  8.75863E-01 
7.20998E+01 7.94996E-01  3.07272E-06  8.70893E-01 
7.21998E+01 7.89996E-01  2.99498E-06  8.65871E-01 
7.22998E+01 7.84996E-01  2.91859E-06  8.60866E-01 
7.23998E+01 7.79996E-01  2.87906E-06  8.55872E-01 
7.24998E+01 7.74996E-01  2.82834E-06  8.50862E-01 
7.25998E+01 7.69996E-01  2.76797E-06  8.45844E-01 
7.26998E+01 7.64996E-01  2.72198E-06  8.40856E-01 
7.27998E+01 7.59996E-01  2.67088E-06  8.35869E-01 
7.28998E+01 7.54996E-01  2.59378E-06  8.30843E-01 
7.29998E+01 7.49996E-01  2.52310E-06  8.25854E-01 
7.30998E+01 7.44996E-01  2.44714E-06  8.20830E-01 
7.31998E+01 7.39996E-01  2.37580E-06  8.15852E-01 
7.32998E+01 7.34996E-01  2.30199E-06  8.10827E-01 
7.33998E+01 7.29996E-01  2.23200E-06  8.05839E-01 
7.34998E+01 7.24996E-01  2.16353E-06  8.00839E-01 
7.35998E+01 7.19996E-01  2.08459E-06  7.95850E-01 
7.36998E+01 7.14996E-01  2.01658E-06  7.90817E-01 
7.37998E+01 7.09996E-01  1.94709E-06  7.85828E-01 
7.38998E+01 7.04996E-01  1.87518E-06  7.80799E-01 
7.39998E+01 6.99996E-01  1.79503E-06  7.75805E-01 
7.40998E+01 6.94996E-01  1.72091E-06  7.70777E-01 
7.41998E+01 6.89996E-01  1.64754E-06  7.65796E-01 
7.42998E+01 6.84996E-01  1.55393E-06  7.60793E-01 
7.43998E+01 6.79996E-01  1.47412E-06  7.55792E-01 
7.44998E+01 6.74996E-01  1.39802E-06  7.50786E-01 
7.45998E+01 6.69996E-01  1.30248E-06  7.45798E-01 
7.46998E+01 6.64996E-01  1.20240E-06  7.40799E-01 
7.47998E+01 6.59996E-01  1.11852E-06  7.35794E-01 
7.48998E+01 6.54996E-01  1.03261E-06  7.30778E-01 
7.49998E+01 6.49996E-01  9.42236E-07  7.25795E-01 
7.50998E+01 6.44996E-01  8.51606E-07  7.20786E-01 
7.51998E+01 6.39996E-01  7.64904E-07  7.15771E-01 
7.52998E+01 6.34996E-01  6.67884E-07  7.10763E-01 
7.53998E+01 6.29996E-01  5.73504E-07  7.05787E-01 
7.54998E+01 6.24996E-01  4.76212E-07  7.00775E-01 
7.55998E+01 6.19996E-01  3.79509E-07  6.95752E-01 
7.56998E+01 6.14996E-01  2.76790E-07  6.90770E-01 
7.57998E+01 6.09996E-01  1.73481E-07  6.85770E-01 
7.58998E+01 6.04996E-01  7.23265E-08  6.80784E-01 
7.59998E+01 5.99996E-01  -3.24716E-08 6.75772E-01 
7.60998E+01 5.94997E-01  -1.44975E-07 6.70767E-01 
7.61998E+01 5.89997E-01  -2.48866E-07 6.65781E-01 
7.62998E+01 5.84997E-01  -3.52951E-07 6.60775E-01 
7.63998E+01 5.79997E-01  -4.63065E-07 6.55767E-01 
7.64998E+01 5.74997E-01  -5.77668E-07 6.50761E-01 
7.65998E+01 5.69997E-01  -6.93795E-07 6.45752E-01 
7.66998E+01 5.64997E-01  -8.24779E-07 6.40747E-01 
7.67998E+01 5.59997E-01  -9.49543E-07 6.35745E-01 
7.68998E+01 5.54997E-01  -1.04510E-06 6.30736E-01 
7.69998E+01 5.49997E-01  -1.14637E-06 6.25742E-01 
7.70998E+01 5.44997E-01  -1.26582E-06 6.20726E-01 
7.71998E+01 5.39997E-01  -1.40965E-06 6.15731E-01 
7.72998E+01 5.34997E-01  -1.55465E-06 6.10733E-01 
7.73998E+01 5.29997E-01  -1.67956E-06 6.05709E-01 
7.74998E+01 5.24997E-01  -1.79993E-06 6.00713E-01 
7.75998E+01 5.19997E-01  -1.92535E-06 5.95753E-01 
7.76998E+01 5.14997E-01  -2.05346E-06 5.90718E-01 
7.77998E+01 5.09997E-01  -2.17111E-06 5.85720E-01 
7.78998E+01 5.04997E-01  -2.28704E-06 5.80723E-01 
7.79998E+01 4.99997E-01  -2.43039E-06 5.75710E-01 
7.80998E+01 4.94997E-01  -2.60683E-06 5.70722E-01 
7.81998E+01 4.89997E-01  -2.89809E-06 5.65699E-01 
7.82998E+01 4.84997E-01  -3.03162E-06 5.60695E-01 
7.83998E+01 4.79997E-01  -3.07413E-06 5.55667E-01 
7.84998E+01 4.74997E-01  -3.04883E-06 5.50690E-01 
7.85998E+01 4.69997E-01  -3.27363E-06 5.45678E-01 
7.86998E+01 4.64997E-01  -3.45243E-06 5.40668E-01 
7.87998E+01 4.59997E-01  -3.65671E-06 5.35669E-01 
7.88998E+01 4.54997E-01  -3.91336E-06 5.30672E-01 
7.89998E+01 4.49997E-01  -3.98979E-06 5.25664E-01 
7.90998E+01 4.44997E-01  -4.17382E-06 5.20660E-01 
7.91998E+01 4.39997E-01  -4.33399E-06 5.15699E-01 
7.92998E+01 4.34997E-01  -4.54541E-06 5.10692E-01 
7.93998E+01 4.29997E-01  -4.78054E-06 5.05696E-01 
7.94998E+01 4.24997E-01  -5.27474E-06 5.00673E-01 
7.95998E+01 4.19997E-01  -5.29577E-06 4.95669E-01 
7.96998E+01 4.14997E-01  -5.54130E-06 4.90674E-01 
7.97998E+01 4.09997E-01  -5.72721E-06 4.85678E-01 
7.98998E+01 4.04997E-01  -5.96423E-06 4.80669E-01 
7.99998E+01 3.99997E-01  -6.23543E-06 4.75670E-01 
8.00998E+01 3.94997E-01  -6.53049E-06 4.70657E-01 
8.01998E+01 3.89997E-01  -6.88089E-06 4.65641E-01 
8.02998E+01 3.84997E-01  -7.14328E-06 4.60649E-01 
8.03998E+01 3.79997E-01  -7.35752E-06 4.55653E-01 
8.04998E+01 3.74997E-01  -7.75138E-06 4.50609E-01 
8.05998E+01 3.69997E-01  -8.14266E-06 4.45634E-01 
8.06998E+01 3.64997E-01  -8.62796E-06 4.40631E-01 
8.07998E+01 3.59997E-01  -9.05155E-06 4.35649E-01 
8.08998E+01 3.54997E-01  -9.55686E-06 4.30616E-01 
8.09998E+01 3.49997E-01  -9.82290E-06 4.25611E-01 
8.10998E+01 3.44997E-01  -1.03684E-05 4.20599E-01 
8.11998E+01 3.39997E-01  -1.06399E-05 4.15624E-01 
8.12998E+01 3.34997E-01  -1.11088E-05 4.10613E-01 
8.13998E+01 3.29997E-01  -1.14814E-05 4.05589E-01 
8.14998E+01 3.24997E-01  -1.20077E-05 4.00613E-01 
8.15998E+01 3.19997E-01  -1.25488E-05 3.95615E-01 
8.16998E+01 3.14997E-01  -1.31137E-05 3.90587E-01 
8.17998E+01 3.09997E-01  -1.36649E-05 3.85579E-01 
8.18998E+01 3.04997E-01  -1.41734E-05 3.80591E-01 
8.19998E+01 2.99997E-01  -1.47510E-05 3.75602E-01 
8.20998E+01 2.94997E-01  -1.53323E-05 3.70592E-01 
8.21998E+01 2.89997E-01  -1.59975E-05 3.65574E-01 
8.22998E+01 2.84997E-01  -1.66035E-05 3.60583E-01 
8.23998E+01 2.79997E-01  -1.72871E-05 3.55596E-01 
8.24998E+01 2.74997E-01  -1.78706E-05 3.50573E-01 
8.25998E+01 2.69997E-01  -1.85691E-05 3.45568E-01 
8.26998E+01 2.64997E-01  -1.92632E-05 3.40564E-01 
8.27998E+01 2.59997E-01  -2.00026E-05 3.35584E-01 
8.28998E+01 2.54997E-01  -2.07292E-05 3.30557E-01 
8.29998E+01 2.49997E-01  -2.14614E-05 3.25556E-01 
8.30998E+01 2.44997E-01  -2.21980E-05 3.20568E-01 
8.31998E+01 2.39997E-01  -2.29459E-05 3.15570E-01 
8.32998E+01 2.34997E-01  -2.36118E-05 3.10561E-01 
8.33998E+01 2.29997E-01  -2.43749E-05 3.05561E-01 
8.34998E+01 2.24997E-01  -2.50657E-05 3.00563E-01 
8.35998E+01 2.19997E-01  -2.57993E-05 2.95537E-01 
8.36998E+01 2.14997E-01  -2.65975E-05 2.90541E-01 
8.37998E+01 2.09997E-01  -2.73779E-05 2.85555E-01 
8.38998E+01 2.04997E-01  -2.81932E-05 2.80554E-01 
8.39998E+01 1.99997E-01  -2.90084E-05 2.75514E-01 
8.40998E+01 1.94998E-01  -2.99166E-05 2.70523E-01 
8.41998E+01 1.89998E-01  -3.07124E-05 2.65514E-01 
8.42998E+01 1.84998E-01  -3.12778E-05 2.60513E-01 
8.43998E+01 1.79998E-01  -3.18378E-05 2.55515E-01 
8.44998E+01 1.74998E-01  -3.26085E-05 2.50492E-01 
8.45998E+01 1.69998E-01  -3.36053E-05 2.45514E-01 
8.46998E+01 1.64998E-01  -3.41779E-05 2.40515E-01 
8.47998E+01 1.59998E-01  -3.40786E-05 2.35509E-01 
8.48998E+01 1.54998E-01  -3.48550E-05 2.30501E-01 
8.49998E+01 1.49998E-01  -3.55388E-05 2.25486E-01 
8.50998E+01 1.44998E-01  -3.59346E-05 2.20507E-01 
8.51998E+01 1.39998E-01  -3.64812E-05 2.15515E-01 
8.52998E+01 1.34998E-01  -3.72484E-05 2.10494E-01 
8.53998E+01 1.29998E-01  -3.80440E-05 2.05505E-01 
8.54998E+01 1.24998E-01  -3.85371E-05 2.00502E-01 
8.55998E+01 1.19998E-01  -3.90590E-05 1.95494E-01 
8.56998E+01 1.14998E-01  -3.96065E-05 1.90498E-01 
8.57998E+01 1.09998E-01  -4.01782E-05 1.85476E-01 
8.58998E+01 1.04998E-01  -4.08884E-05 1.80484E-01 
8.59998E+01 9.99977E-02  -4.15414E-05 1.75486E-01 
8.60998E+01 9.49978E-02  -4.21686E-05 1.70463E-01 
8.61998E+01 8.99978E-02  -4.25564E-05 1.65466E-01 
8.62998E+01 8.49978E-02  -4.30144E-05 1.60459E-01 
8.63998E+01 7.99978E-02  -4.33559E-05 1.55481E-01 
8.64998E+01 7.49978E-02  -4.38814E-05 1.50465E-01 
8.65998E+01 6.99978E-02  -4.44401E-05 1.45473E-01 
8.66998E+01 6.49978E-02  -4.49690E-05 1.40469E-01 
8.67998E+01 5.99978E-02  -4.54645E-05 1.35469E-01 
8.68998E+01 5.49979E-02  -4.59502E-05 1.30461E-01 
8.69998E+01 4.99979E-02  -4.64463E-05 1.25470E-01 
8.70998E+01 4.49979E-02  -4.69312E-05 1.20475E-01 
8.71998E+01 3.99979E-02  -4.71576E-05 1.15464E-01 
8.72998E+01 3.49979E-02  -4.72827E-05 1.10452E-01 
8.73998E+01 2.99979E-02  -4.76163E-05 1.05450E-01 
8.74998E+01 2.49979E-02  -4.83049E-05 1.00462E-01 
8.75998E+01 1.99979E-02  -4.83586E-05 9.54523E-02 
8.76998E+01 1.49980E-02  -4.83379E-05 9.04151E-02 
8.77998E+01 9.99797E-03  -4.85240E-05 8.54373E-02 
8.78998E+01 4.99799E-03  -4.85038E-05 8.04476E-02 
8.79998E+01 -2.00000E-06 -4.84331E-05 7.54373E-02 
8.80998E+01 -5.00199E-03 -4.93450E-05 7.04445E-02 
8.81998E+01 -1.00020E-02 -4.95036E-05 6.54405E-02 
8.82998E+01 -1.50020E-02 -4.92044E-05 6.04334E-02 
8.83998E+01 -2.00020E-02 -4.87485E-05 5.54474E-02 
8.84998E+01 -2.50019E-02 -4.88385E-05 5.04359E-02 
8.85998E+01 -3.00019E-02 -4.88499E-05 4.54169E-02 
8.86998E+01 -3.50019E-02 -4.87007E-05 4.04403E-02 
8.87998E+01 -4.00019E-02 -4.85508E-05 3.54444E-02 
8.88998E+01 -4.50019E-02 -4.93152E-05 3.04159E-02 
8.89998E+01 -5.00019E-02 -4.94588E-05 2.54156E-02 
8.90998E+01 -5.50019E-02 -4.92279E-05 2.04366E-02 
8.91998E+01 -6.00019E-02 -4.90138E-05 1.54232E-02 
8.92998E+01 -6.50018E-02 -4.90604E-05 1.04185E-02 
8.93998E+01 -7.00018E-02 -4.92339E-05 5.39571E-03 
8.94998E+01 -7.50018E-02 -4.94223E-05 4.03550E-04 
8.95998E+01 -8.00018E-02 -4.95577E-05 -4.60172E-03
8.96998E+01 -8.50018E-02 -4.97071E-05 -9.62200E-03
8.97998E+01 -9.00018E-02 -4.99220E-05 -1.46142E-02
8.98998E+01 -9.50018E-02 -5.01141E-05 -1.96157E-02
8.99998E+01 -1.00002E-01 -5.03180E-05 -2.46335E-02
9.00998E+01 -1.05002E-01 -5.04829E-05 -2.96201E-02
9.01998E+01 -1.10002E-01 -5.06467E-05 -3.46141E-02
9.02998E+01 -1.15002E-01 -5.08496E-05 -3.96331E-02
9.03998E+01 -1.20002E-01 -5.10786E-05 -4.46159E-02
9.04998E+01 -1.25002E-01 -5.13013E-05 -4.96381E-02
9.05998E+01 -1.30002E-01 -5.15281E-05 -5.46477E-02
9.06998E+01 -1.35002E-01 -5.17290E-05 -5.96493E-02
9.07998E+01 -1.40002E-01 -5.20528E-05 -6.46234E-02
9.08998E+01 -1.45002E-01 -5.23703E-05 -6.96330E-02
9.09998E+01 -1.50002E-01 -5.26206E-05 -7.46302E-02
9.10998E+01 -1.55002E-01 -5.28842E-05 -7.96380E-02
9.11998E+01 -1.60002E-01 -5.31566E-05 -8.46239E-02
9.12998E+01 -1.65002E-01 -5.34744E-05 -8.96379E-02
9.13998E+01 -1.70002E-01 -5.37851E-05 -9.46295E-02
9.14998E+01 -1.75002E-01 -5.40911E-05 -9.96385E-02
9.15998E+01 -1.80002E-01 -5.44572E-05 -1.04632E-01
9.16998E+01 -1.85002E-01 -5.48791E-05 -1.09624E-01
9.17998E+01 -1.90002E-01 -5.53127E-05 -1.14636E-01
9.18998E+01 -1.95002E-01 -5.57827E-05 -1.19637E-01
9.19998E+01 -2.00002E-01 -5.62992E-05 -1.24670E-01
9.20998E+01 -2.05001E-01 -5.68916E-05 -1.29652E-01
9.21998E+01 -2.10001E-01 -5.75412E-05 -1.34643E-01
9.22998E+01 -2.15001E-01 -5.82334E-05 -1.39672E-01
9.23998E+01 -2.20001E-01 -5.90149E-05 -1.44673E-01
9.24998E+01 -2.25001E-01 -5.98367E-05 -1.49665E-01
9.25998E+01 -2.30001E-01 -6.06722E-05 -1.54679E-01
9.26998E+01 -2.35001E-01 -6.15002E-05 -1.59665E-01
9.27998E+01 -2.40001E-01 -6.23265E-05 -1.64686E-01
9.28998E+01 -2.45001E-01 -6.31725E-05 -1.69684E-01
9.29998E+01 -2.50001E-01 -6.40401E-05 -1.74686E-01
9.30998E+01 -2.55001E-01 -6.49071E-05 -1.79693E-01
9.31998E+01 -2.60001E-01 -6.57433E-05 -1.84706E-01
9.32998E+01 -2.65001E-01 -6.66078E-05 -1.89685E-01
9.33998E+01 -2.70001E-01 -6.74880E-05 -1.94713E-01
9.34998E+01 -2.75001E-01 -6.83807E-05 -1.99689E-01
9.35998E+01 -2.80001E-01 -6.92630E-05 -2.04692E-01
9.36998E+01 -2.85001E-01 -7.01480E-05 -2.09686E-01
9.37998E+01 -2.90001E-01 -7.10410E-05 -2.14698E-01
9.38998E+01 -2.95001E-01 -7.19848E-05 -2.19719E-01
9.39998E+01 -3.00001E-01 -7.28832E-05 -2.24726E-01
9.40998E+01 -3.05001E-01 -7.38050E-05 -2.29706E-01
9.41998E+01 -3.10001E-01 -7.47291E-05 -2.34713E-01
9.42998E+01 -3.15001E-01 -7.56928E-05 -2.39709E-01
9.43998E+01 -3.20001E-01 -7.66572E-05 -2.44709E-01
9.44998E+01 -3.25001E-01 -7.77617E-05 -2.49715E-01
9.45998E+01 -3.30001E-01 -7.88608E-05 -2.54722E-01
9.46998E+01 -3.35001E-01 -7.96349E-05 -2.59732E-01
9.47998E+01 -3.40001E-01 -8.03164E-05 -2.64723E-01
9.48998E+01 -3.45001E-01 -8.12674E-05 -2.69719E-01
9.49998E+01 -3.50001E-01 -8.23842E-05 -2.74750E-01
9.50998E+01 -3.55001E-01 -8.34284E-05 -2.79747E-01
9.51998E+01 -3.60001E-01 -8.43545E-05 -2.84755E-01
9.52998E+01 -3.65001E-01 -8.51617E-05 -2.89778E-01
9.53998E+01 -3.70001E-01 -8.60315E-05 -2.94772E-01
9.54998E+01 -3.75001E-01 -8.66058E-05 -2.99764E-01
9.55998E+01 -3.80001E-01 -8.76631E-05 -3.04774E-01
9.56998E+01 -3.85001E-01 -8.89726E-05 -3.09758E-01
9.57998E+01 -3.90001E-01 -8.97550E-05 -3.14753E-01
9.58998E+01 -3.95001E-01 -9.00256E-05 -3.19766E-01
9.59998E+01 -4.00001E-01 -9.06029E-05 -3.24758E-01
9.60998E+01 -4.05001E-01 -9.17084E-05 -3.29776E-01
9.61998E+01 -4.10001E-01 -9.25246E-05 -3.34771E-01
9.62998E+01 -4.15001E-01 -9.38097E-05 -3.39780E-01
9.63998E+01 -4.20001E-01 -9.36387E-05 -3.44788E-01
9.64998E+01 -4.25001E-01 -9.40004E-05 -3.49801E-01
9.65998E+01 -4.30001E-01 -9.50257E-05 -3.54823E-01
9.66998E+01 -4.35001E-01 -9.57154E-05 -3.59810E-01
9.67998E+01 -4.40001E-01 -9.66945E-05 -3.64778E-01
9.68998E+01 -4.45001E-01 -9.64331E-05 -3.69795E-01
9.69998E+01 -4.50001E-01 -9.65796E-05 -3.74812E-01
9.70998E+01 -4.55001E-01 -9.74057E-05 -3.79810E-01
9.71998E+01 -4.60001E-01 -9.90359E-05 -3.84791E-01
9.72998E+01 -4.65001E-01 -9.97471E-05 -3.89802E-01
9.73998E+01 -4.70001E-01 -1.00259E-04 -3.94821E-01
9.74998E+01 -4.75001E-01 -1.00119E-04 -3.99796E-01
9.75998E+01 -4.80001E-01 -1.01007E-04 -4.04789E-01
9.76998E+01 -4.85001E-01 -1.02084E-04 -4.09804E-01
9.77998E+01 -4.90001E-01 -1.02965E-04 -4.14806E-01
9.78998E+01 -4.95001E-01 -1.04411E-04 -4.19805E-01
9.79998E+01 -5.00001E-01 -1.04424E-04 -4.24814E-01
9.80998E+01 -5.05001E-01 -1.04448E-04 -4.29838E-01
9.81998E+01 -5.10001E-01 -1.05044E-04 -4.34847E-01
9.82998E+01 -5.15001E-01 -1.05668E-04 -4.39825E-01
9.83998E+01 -5.20001E-01 -1.05857E-04 -4.44836E-01
9.84998E+01 -5.25001E-01 -1.05820E-04 -4.49813E-01
9.85998E+01 -5.30001E-01 -1.05849E-04 -4.54841E-01
9.86998E+01 -5.35001E-01 -1.06033E-04 -4.59835E-01
9.87998E+01 -5.40001E-01 -1.06800E-04 -4.64848E-01
9.88998E+01 -5.45001E-01 -1.07295E-04 -4.69847E-01
9.89998E+01 -5.50001E-01 -1.08003E-04 -4.74836E-01
9.90998E+01 -5.55001E-01 -1.07771E-04 -4.79859E-01
9.91998E+01 -5.60001E-01 -1.07829E-04 -4.84861E-01
9.92998E+01 -5.65001E-01 -1.08239E-04 -4.89852E-01
9.93998E+01 -5.70001E-01 -1.09025E-04 -4.94862E-01
9.94998E+01 -5.75001E-01 -1.09572E-04 -4.99869E-01
9.95998E+01 -5.80001E-01 -1.09698E-04 -5.04878E-01
9.96998E+01 -5.85001E-01 -1.10102E-04 -5.09913E-01
9.97998E+01 -5.90001E-01 -1.10705E-04 -5.14886E-01
9.98998E+01 -5.95001E-01 -1.11347E-04 -5.19862E-01
9.99997E+01 -6.00001E-01 -1.11902E-04 -5.24892E-01
1.00100E+02 -6.05000E-01 -1.12740E-04 -5.29902E-01
1.00200E+02 -6.10000E-01 -1.13371E-04 -5.34879E-01
1.00300E+02 -6.15000E-01 -1.13949E-04 -5.39872E-01
1.00400E+02 -6.20000E-01 -1.14535E-04 -5.44882E-01
1.00500E+02 -6.25000E-01 -1.15219E-04 -5.49866E-01
1.00600E+02 -6.30000E-01 -1.15859E-04 -5.54887E-01
1.00700E+02 -6.35000E-01 -1.16391E-04 -5.59900E-01
1.00800E+02 -6.40000E-01 -1.17122E-04 -5.64896E-01
1.00900E+02 -6.45000E-01 -1.17880E-04 -5.69928E-01
1.01000E+02 -6.50000E-01 -1.18493E-04 -5.74923E-01
1.01100E+02 -6.55000E-01 -1.19106E-04 -5.79932E-01
1.01200E+02 -6.60000E-01 -1.19730E-04 -5.84916E-01
1.01300E+02 -6.65000E-01 -1.20304E-04 -5.89925E-01
1.01400E+02 -6.70000E-01 -1.20950E-04 -5.94906E-01
1.01500E+02 -6.75000E-01 -1.21549E-04 -5.99937E-01
1.01600E+02 -6.80000E-01 -1.22215E-04 -6.04917E-01
1.01700E+02 -6.85000E-01 -1.22890E-04 -6.09936E-01
1.01800E+02 -6.90000E-01 -1.23568E-04 -6.14936E-01
1.01900E+02 -6.95000E-01 -1.24233E-04 -6.19925E-01
1.02000E+02 -7.00000E-01 -1.24919E-04 -6.24917E-01
1.02100E+02 -7.05000E-01 -1.25701E-04 -6.29922E-01
1.02200E+02 -7.10000E-01 -1.26336E-04 -6.34937E-01
1.02300E+02 -7.15000E-01 -1.26946E-04 -6.39945E-01
1.02400E+02 -7.20000E-01 -1.27601E-04 -6.44943E-01
1.02500E+02 -7.25000E-01 -1.28190E-04 -6.49953E-01
1.02600E+02 -7.30000E-01 -1.28820E-04 -6.54955E-01
1.02700E+02 -7.35000E-01 -1.29445E-04 -6.59951E-01
1.02800E+02 -7.40000E-01 -1.30078E-04 -6.64955E-01
1.02900E+02 -7.45000E-01 -1.30734E-04 -6.69954E-01
1.03000E+02 -7.50000E-01 -1.31432E-04 -6.74979E-01
1.03100E+02 -7.55000E-01 -1.31990E-04 -6.79980E-01
1.03200E+02 -7.60000E-01 -1.32633E-04 -6.84963E-01
1.03300E+02 -7.65000E-01 -1.33265E-04 -6.89973E-01
1.03400E+02 -7.70000E-01 -1.33835E-04 -6.94976E-01
1.03500E+02 -7.75000E-01 -1.34413E-04 -6.99977E-01
1.03600E+02 -7.80000E-01 -1.35054E-04 -7.04970E-01
1.03700E+02 -7.85000E-01 -1.35739E-04 -7.09959E-01
1.03800E+02 -7.90000E-01 -1.36276E-04 -7.14981E-01
1.03900E+02 -7.95000E-01 -1.37034E-04 -7.19992E-01
